0 160
1 162
2 164
3 166
4 168
5 170
6 172
7 174
8 177
9 179
10 181
11 183
12 185
13 187
14 189
15 191
16 194
17 196
18 198
19 200
20 202
21 204
22 206
23 208
24 211
25 213
26 215
27 217
28 219
29 221
30 223
31 225
32 228
33 230
34 232
35 234
36 236
37 238
38 240
39 242
40 245
41 247
42 249
43 251
44 253
45 255
46 257
47 259
48 262
49 264
50 266
51 268
52 270
53 272
54 274
55 276
56 279
57 281
58 283
59 285
60 287
61 289
62 291
63 293
64 296
65 298
66 300
67 302
68 304
69 306
70 308
71 310
72 313
73 315
74 317
75 319
76 321
77 323
78 325
79 327
80 330
81 332
82 334
83 336
84 338
85 340
86 342
87 344
88 347
89 349
90 351
91 353
92 355
93 357
94 359
95 361
96 364
97 366
98 368
99 370
100 372
101 374
102 376
103 378
104 381
105 383
106 385
107 387
108 389
109 391
110 393
111 395
112 398
113 400
114 402
115 404
116 406
117 408
118 410
119 412
120 415
121 417
122 419
123 421
124 423
125 425
126 427
127 429
128 432
129 434
130 436
131 438
132 440
133 442
134 444
135 446
136 449
137 451
138 453
139 455
140 457
141 459
142 461
143 463
144 466
145 468
146 470
147 472
148 474
149 476
150 478
151 480
152 483
153 485
154 487
155 489
156 491
157 493
158 495
159 497
160 161
160 162
160 498
160 499
161 162
161 163
161 499
162 163
162 164
163 164
163 165
164 165
164 166
165 166
165 167
166 167
166 168
167 168
167 169
168 169
168 170
169 170
169 171
170 171
170 172
171 172
171 173
172 173
172 174
173 174
173 175
174 175
174 176
175 176
175 177
176 177
176 178
177 178
177 179
178 179
178 180
179 180
179 181
180 181
180 182
181 182
181 183
182 183
182 184
183 184
183 185
184 185
184 186
185 186
185 187
186 187
186 188
187 188
187 189
188 189
188 190
189 190
189 191
190 191
190 192
191 192
191 193
192 193
192 194
193 194
193 195
194 195
194 196
195 196
195 197
196 197
196 198
197 198
197 199
198 199
198 200
199 200
199 201
200 201
200 202
201 202
201 203
202 203
202 204
203 204
203 205
204 205
204 206
205 206
205 207
206 207
206 208
207 208
207 209
208 209
208 210
209 210
209 211
210 211
210 212
211 212
211 213
212 213
212 214
213 214
213 215
214 215
214 216
215 216
215 217
216 217
216 218
217 218
217 219
218 219
218 220
219 220
219 221
220 221
220 222
221 222
221 223
222 223
222 224
223 224
223 225
224 225
224 226
225 226
225 227
226 227
226 228
227 228
227 229
228 229
228 230
229 230
229 231
230 231
230 232
231 232
231 233
232 233
232 234
233 234
233 235
234 235
234 236
235 236
235 237
236 237
236 238
237 238
237 239
238 239
238 240
239 240
239 241
240 241
240 242
241 242
241 243
242 243
242 244
243 244
243 245
244 245
244 246
245 246
245 247
246 247
246 248
247 248
247 249
248 249
248 250
249 250
249 251
250 251
250 252
251 252
251 253
252 253
252 254
253 254
253 255
254 255
254 256
255 256
255 257
256 257
256 258
257 258
257 259
258 259
258 260
259 260
259 261
260 261
260 262
261 262
261 263
262 263
262 264
263 264
263 265
264 265
264 266
265 266
265 267
266 267
266 268
267 268
267 269
268 269
268 270
269 270
269 271
270 271
270 272
271 272
271 273
272 273
272 274
273 274
273 275
274 275
274 276
275 276
275 277
276 277
276 278
277 278
277 279
278 279
278 280
279 280
279 281
280 281
280 282
281 282
281 283
282 283
282 284
283 284
283 285
284 285
284 286
285 286
285 287
286 287
286 288
287 288
287 289
288 289
288 290
289 290
289 291
290 291
290 292
291 292
291 293
292 293
292 294
293 294
293 295
294 295
294 296
295 296
295 297
296 297
296 298
297 298
297 299
298 299
298 300
299 300
299 301
300 301
300 302
301 302
301 303
302 303
302 304
303 304
303 305
304 305
304 306
305 306
305 307
306 307
306 308
307 308
307 309
308 309
308 310
309 310
309 311
310 311
310 312
311 312
311 313
312 313
312 314
313 314
313 315
314 315
314 316
315 316
315 317
316 317
316 318
317 318
317 319
318 319
318 320
319 320
319 321
320 321
320 322
321 322
321 323
322 323
322 324
323 324
323 325
324 325
324 326
325 326
325 327
326 327
326 328
327 328
327 329
328 329
328 330
329 330
329 331
330 331
330 332
331 332
331 333
332 333
332 334
333 334
333 335
334 335
334 336
335 336
335 337
336 337
336 338
337 338
337 339
338 339
338 340
339 340
339 341
340 341
340 342
341 342
341 343
342 343
342 344
343 344
343 345
344 345
344 346
345 346
345 347
346 347
346 348
347 348
347 349
348 349
348 350
349 350
349 351
350 351
350 352
351 352
351 353
352 353
352 354
353 354
353 355
354 355
354 356
355 356
355 357
356 357
356 358
357 358
357 359
358 359
358 360
359 360
359 361
360 361
360 362
361 362
361 363
362 363
362 364
363 364
363 365
364 365
364 366
365 366
365 367
366 367
366 368
367 368
367 369
368 369
368 370
369 370
369 371
370 371
370 372
371 372
371 373
372 373
372 374
373 374
373 375
374 375
374 376
375 376
375 377
376 377
376 378
377 378
377 379
378 379
378 380
379 380
379 381
380 381
380 382
381 382
381 383
382 383
382 384
383 384
383 385
384 385
384 386
385 386
385 387
386 387
386 388
387 388
387 389
388 389
388 390
389 390
389 391
390 391
391 392
391 393
392 393
392 394
393 394
393 395
394 395
394 396
395 396
395 397
396 397
396 398
397 398
397 399
398 399
398 400
399 400
399 401
400 401
400 402
401 402
401 403
402 403
402 404
403 404
403 405
404 405
404 406
405 406
405 407
406 407
406 408
407 408
407 409
408 409
408 410
409 410
409 411
410 411
410 412
411 412
411 413
412 413
412 414
413 414
413 415
414 415
414 416
415 416
415 417
416 417
416 418
417 418
417 419
418 419
418 420
419 420
419 421
420 421
420 422
421 422
421 423
422 423
422 424
423 424
423 425
424 425
424 426
425 426
425 427
426 427
426 428
427 428
427 429
428 429
428 430
429 430
429 431
430 431
430 432
431 432
431 433
432 433
432 434
433 434
433 435
434 435
434 436
435 436
435 437
436 437
436 438
437 438
437 439
438 439
438 440
439 440
439 441
440 441
440 442
441 442
441 443
442 443
442 444
443 444
443 445
444 445
444 446
445 446
445 447
446 447
446 448
447 448
447 449
448 449
448 450
449 450
449 451
450 451
450 452
451 452
451 453
452 453
452 454
453 454
453 455
454 455
454 456
455 456
455 457
456 457
456 458
457 458
457 459
458 459
458 460
459 460
459 461
460 461
460 462
461 462
461 463
462 463
462 464
463 464
463 465
464 465
464 466
465 466
465 467
466 467
466 468
467 468
467 469
468 469
468 470
469 470
469 471
470 471
470 472
471 472
471 473
472 473
472 474
473 474
473 475
474 475
474 476
475 476
475 477
476 477
476 478
477 478
477 479
478 479
478 480
479 480
479 481
480 481
480 482
481 482
481 483
482 483
482 484
483 484
483 485
484 485
484 486
485 486
485 487
486 487
486 488
487 488
487 489
488 489
488 490
489 490
489 491
490 491
490 492
491 492
491 493
492 493
492 494
493 494
493 495
494 495
494 496
495 496
495 497
496 497
496 498
497 498
497 499
498 499
