case_id,scenario,switch_count,case_type,policy_id,optimize_status,feasibility_status,optimize_z3_ms,feasibility_z3_ms,overhead_ratio,consistent
structured100_auto:P0,structured100_auto,100,P0,,TIMEOUT,SAT,,398.390959,,True
structured20_auto:P0,structured20_auto,20,P0,,SAT,SAT,216.279044,4.0356369999999995,53.59229385596376,True
structured20_auto:PF:l_sw01_sw02,structured20_auto,20,PF,,SAT,SAT,234.287456,4.410164,53.12443165378884,True
structured20_auto:PF:l_sw01_sw06,structured20_auto,20,PF,,SAT,SAT,218.06371199999998,4.144641999999999,52.6134011091911,True
structured20_auto:PF:l_sw02_sw03,structured20_auto,20,PF,,SAT,SAT,214.57842499999998,4.172873,51.42222756359946,True
structured20_auto:PF:l_sw02_sw08,structured20_auto,20,PF,,SAT,SAT,220.835763,4.273305,51.677978286127484,True
structured20_auto:PF:l_sw03_sw04,structured20_auto,20,PF,,SAT,SAT,221.196209,4.446862,49.742089815244995,True
structured20_auto:PF:l_sw03_sw08,structured20_auto,20,PF,,SAT,SAT,218.17435700000001,4.877544,44.73037188388255,True
structured20_auto:PF:l_sw04_sw05,structured20_auto,20,PF,,SAT,SAT,213.112954,4.165684000000001,51.15917433967626,True
structured20_auto:PF:l_sw04_sw10,structured20_auto,20,PF,,SAT,SAT,213.21460100000002,3.9534490000000004,53.93128910983801,True
structured20_auto:PF:l_sw06_sw07,structured20_auto,20,PF,,SAT,SAT,213.80959299999998,4.020855999999999,53.17514305411584,True
structured20_auto:PF:l_sw06_sw11,structured20_auto,20,PF,,SAT,SAT,299.61816600000003,4.1868799999999995,71.5612021361969,True
structured20_auto:PF:l_sw07_sw08,structured20_auto,20,PF,,SAT,SAT,306.142066,3.9797390000000004,76.92516167517518,True
structured20_auto:PF:l_sw08_sw09,structured20_auto,20,PF,,SAT,SAT,239.94854600000002,3.893006,61.63580174292051,True
structured20_auto:PF:l_sw08_sw13,structured20_auto,20,PF,,SAT,SAT,229.04065,4.360352,52.528018380167474,True
structured20_auto:PF:l_sw09_sw10,structured20_auto,20,PF,,SAT,SAT,219.642942,4.096591,53.616029034873144,True
structured20_auto:PF:l_sw10_sw15,structured20_auto,20,PF,,SAT,SAT,224.029729,4.157822,53.88151031958559,True
structured20_auto:PF:l_sw11_sw16,structured20_auto,20,PF,,SAT,SAT,208.38120800000002,3.937128,52.92721191691,True
structured20_auto:PF:l_sw11_sw17,structured20_auto,20,PF,,SAT,SAT,222.327776,4.379378,50.76697558420397,True
structured20_auto:PF:l_sw13_sw18,structured20_auto,20,PF,,SAT,SAT,228.30093300000001,4.16486,54.815992134189386,True
structured20_auto:PF:l_sw13_sw19,structured20_auto,20,PF,,SAT,SAT,229.243908,4.474418,51.23435226659646,True
structured20_auto:PF:l_sw15_sw20,structured20_auto,20,PF,,SAT,SAT,230.421945,4.392411,52.4591038953322,True
structured20_auto:PF:l_sw17_sw18,structured20_auto,20,PF,,SAT,SAT,230.67293,4.250257,54.27270162721924,True
structured20_auto:PF:l_sw19_sw20,structured20_auto,20,PF,,SAT,SAT,240.365732,4.401774,54.60655908276982,True
structured20_auto:SHARED:J020:03b36c0a455df73e,structured20_auto,20,SHARED,J020,SAT,SAT,235.25855900000002,4.478989,52.524924486307064,True
structured20_auto:SHARED:J020:80f67a99582a2501,structured20_auto,20,SHARED,J020,SAT,SAT,245.149156,4.675986,52.42726475228968,True
structured20_auto:SHARED:J020:8c5cd5d6abda14a3,structured20_auto,20,SHARED,J020,SAT,SAT,230.407315,4.296162,53.630965266207376,True
structured20_auto:SHARED:J020:8d9c09afd1cc32da,structured20_auto,20,SHARED,J020,SAT,SAT,281.444616,4.442848,63.347793127291325,True
structured20_auto:SHARED:J020:a2fe8e1772c6cb77,structured20_auto,20,SHARED,J020,NO_ROUTE,NO_ROUTE,,,,True
structured20_auto:SHARED:J020:f48267421ccdc7ee,structured20_auto,20,SHARED,J020,SAT,SAT,226.227641,4.099816,55.17994978311222,True
structured20_auto:SHARED:J040:03b36c0a455df73e,structured20_auto,20,SHARED,J040,SAT,SAT,237.705157,4.637373999999999,51.2585693972494,True
structured20_auto:SHARED:J040:25532bce0979c3ff,structured20_auto,20,SHARED,J040,SAT,SAT,256.363984,4.935969,51.937924245472374,True
structured20_auto:SHARED:J040:3d2944a0d56aca29,structured20_auto,20,SHARED,J040,SAT,SAT,299.223207,4.307023,69.47332461424051,True
structured20_auto:SHARED:J040:49f734d25bb9914c,structured20_auto,20,SHARED,J040,SAT,SAT,224.85108300000002,4.276242000000001,52.58146826115079,True
structured20_auto:SHARED:J040:6164a3d75db8a6bb,structured20_auto,20,SHARED,J040,SAT,SAT,234.264777,4.211272999999999,55.62801960357356,True
structured20_auto:SHARED:J040:80f67a99582a2501,structured20_auto,20,SHARED,J040,SAT,SAT,240.845418,4.386056999999999,54.91160237999644,True
structured20_auto:SHARED:J040:8c5cd5d6abda14a3,structured20_auto,20,SHARED,J040,SAT,SAT,231.500698,4.165398,55.57708963225123,True
structured20_auto:SHARED:J040:f48267421ccdc7ee,structured20_auto,20,SHARED,J040,SAT,SAT,226.08082900000002,4.074354,55.48875453630196,True
structured20_auto:SHARED:J100:26bd46fc7074731a,structured20_auto,20,SHARED,J100,SAT,SAT,223.042373,4.177157,53.39573614302742,True
structured20_auto:SHARED:J100:7109054e03900f9e,structured20_auto,20,SHARED,J100,SAT,SAT,235.79836500000002,4.256221,55.40087439068601,True
structured20_auto:SHARED:J100:8c5cd5d6abda14a3,structured20_auto,20,SHARED,J100,SAT,SAT,229.827941,4.397501,52.26330613682635,True
structured20_auto:SHARED:J100:ce559c87ed1e0457,structured20_auto,20,SHARED,J100,SAT,SAT,226.89246699999998,4.513469,50.27008427442395,True
structured20_auto:SHARED:J100:d5060b6a5b778b77,structured20_auto,20,SHARED,J100,SAT,SAT,226.76478799999998,4.441968999999999,51.05051115845248,True
structured30_auto:P0,structured30_auto,30,P0,,SAT,SAT,299.00421700000004,4.669057,64.03953025204021,True
structured30_auto:PF:l_sw01_sw02,structured30_auto,30,PF,,SAT,SAT,294.49212600000004,4.888365,60.24348140942831,True
structured30_auto:PF:l_sw01_sw07,structured30_auto,30,PF,,SAT,SAT,307.016073,4.908401,62.54910163207938,True
structured30_auto:PF:l_sw01_sw09,structured30_auto,30,PF,,SAT,SAT,303.87278200000003,4.776021,63.624674598373836,True
structured30_auto:PF:l_sw02_sw03,structured30_auto,30,PF,,SAT,SAT,289.696734,4.872663,59.45347215680624,True
structured30_auto:PF:l_sw02_sw08,structured30_auto,30,PF,,SAT,SAT,291.90463300000005,5.596988,52.15387865759227,True
structured30_auto:PF:l_sw03_sw04,structured30_auto,30,PF,,SAT,SAT,295.154095,4.9877899999999995,59.175325144001654,True
structured30_auto:PF:l_sw03_sw09,structured30_auto,30,PF,,SAT,SAT,318.219188,4.913617,64.7627171592739,True
structured30_auto:PF:l_sw04_sw05,structured30_auto,30,PF,,SAT,SAT,398.30847600000004,4.667173999999999,85.34253833261843,True
structured30_auto:PF:l_sw05_sw07,structured30_auto,30,PF,,SAT,SAT,299.051536,4.736490000000001,63.137795287227455,True
structured30_auto:PF:l_sw05_sw11,structured30_auto,30,PF,,SAT,SAT,312.391615,4.9160260000000005,63.54555793643076,True
structured30_auto:PF:l_sw07_sw13,structured30_auto,30,PF,,SAT,SAT,338.943448,4.7512989999999995,71.3370065744126,True
structured30_auto:PF:l_sw08_sw16,structured30_auto,30,PF,,SAT,SAT,292.501896,4.792164,61.037538782061716,True
structured30_auto:PF:l_sw09_sw10,structured30_auto,30,PF,,SAT,SAT,285.853859,4.724246,60.50782685744984,True
structured30_auto:PF:l_sw09_sw15,structured30_auto,30,PF,,SAT,SAT,335.990464,4.96221,67.70984379943613,True
structured30_auto:PF:l_sw10_sw11,structured30_auto,30,PF,,SAT,SAT,283.238225,4.627752,61.204279097064834,True
structured30_auto:PF:l_sw11_sw17,structured30_auto,30,PF,,SAT,SAT,324.61467300000004,5.210795,62.29657336356545,True
structured30_auto:PF:l_sw13_sw14,structured30_auto,30,PF,,SAT,SAT,296.207165,4.777404,62.00169903989698,True
structured30_auto:PF:l_sw13_sw19,structured30_auto,30,PF,,SAT,SAT,326.993999,4.8936459999999995,66.82011714782803,True
structured30_auto:PF:l_sw14_sw15,structured30_auto,30,PF,,SAT,SAT,304.480813,4.899908,62.140108140805914,True
structured30_auto:PF:l_sw15_sw21,structured30_auto,30,PF,,SAT,SAT,320.51948400000003,4.717085,67.94863437907098,True
structured30_auto:PF:l_sw15_sw23,structured30_auto,30,PF,,SAT,SAT,315.063211,5.116126,61.5823791282701,True
structured30_auto:PF:l_sw16_sw17,structured30_auto,30,PF,,SAT,SAT,301.808214,5.10602,59.10831019071606,True
structured30_auto:PF:l_sw17_sw23,structured30_auto,30,PF,,SAT,SAT,333.10135099999997,5.256261,63.372300386149,True
structured30_auto:PF:l_sw19_sw25,structured30_auto,30,PF,,SAT,SAT,315.839825,4.589615,68.81619155419354,True
structured30_auto:PF:l_sw21_sw27,structured30_auto,30,PF,,SAT,SAT,312.484337,4.866778,64.20764148272224,True
structured30_auto:PF:l_sw23_sw29,structured30_auto,30,PF,,SAT,SAT,336.09316,5.0007589999999995,67.20842976036239,True
structured30_auto:SHARED:J020:2052020b308ed48e,structured30_auto,30,SHARED,J020,SAT,SAT,304.451764,4.852708,62.73852949734459,True
structured30_auto:SHARED:J020:3a708f98397b66b7,structured30_auto,30,SHARED,J020,SAT,SAT,345.168437,4.929462,70.02152303841676,True
structured30_auto:SHARED:J020:891d73073322397d,structured30_auto,30,SHARED,J020,SAT,SAT,311.132123,4.6480239999999995,66.9385792758385,True
structured30_auto:SHARED:J020:90b63833437b75c4,structured30_auto,30,SHARED,J020,SAT,SAT,335.846729,5.243572,64.04922617635458,True
structured30_auto:SHARED:J020:bf7aa4a605c129a1,structured30_auto,30,SHARED,J020,SAT,SAT,312.19427,4.937134,63.23390655388329,True
structured30_auto:SHARED:J020:cad9d75b17feeb02,structured30_auto,30,SHARED,J020,SAT,SAT,354.40866,4.93771,71.77591636608874,True
structured30_auto:SHARED:J020:e30ea73005e87a9a,structured30_auto,30,SHARED,J020,SAT,SAT,341.072791,5.237083,65.12648186022639,True
structured30_auto:SHARED:J020:e82fd19b6aa2aca2,structured30_auto,30,SHARED,J020,SAT,SAT,320.734158,5.08666,63.05398001832243,True
structured30_auto:SHARED:J020:fdcc4b526eb692b1,structured30_auto,30,SHARED,J020,SAT,SAT,297.02476,5.201664,57.101873554308774,True
structured30_auto:SHARED:J040:2052020b308ed48e,structured30_auto,30,SHARED,J040,SAT,SAT,298.87613,5.017582,59.56576893013408,True
structured30_auto:SHARED:J040:4f3e54bf6ce93f7c,structured30_auto,30,SHARED,J040,SAT,SAT,349.377818,5.0556719999999995,69.10610854501637,True
structured30_auto:SHARED:J040:6365c9a903430c0a,structured30_auto,30,SHARED,J040,SAT,SAT,296.738801,4.878409,60.82696243795877,True
structured30_auto:SHARED:J040:7aba9fb12e621338,structured30_auto,30,SHARED,J040,SAT,SAT,302.165882,4.688103,64.45376349453073,True
structured30_auto:SHARED:J040:90b63833437b75c4,structured30_auto,30,SHARED,J040,SAT,SAT,335.380581,5.209936,64.37326312645683,True
structured30_auto:SHARED:J040:b7747fbd5fad06d5,structured30_auto,30,SHARED,J040,SAT,SAT,309.832555,4.912343,63.07225594792546,True
structured30_auto:SHARED:J040:cad9d75b17feeb02,structured30_auto,30,SHARED,J040,SAT,SAT,352.392447,4.977134,70.8022823978619,True
structured30_auto:SHARED:J040:e82fd19b6aa2aca2,structured30_auto,30,SHARED,J040,SAT,SAT,319.23314400000004,5.135419,62.16301805169161,True
structured30_auto:SHARED:J040:fdcc4b526eb692b1,structured30_auto,30,SHARED,J040,SAT,SAT,299.038332,5.170515,57.835308861883206,True
structured30_auto:SHARED:J100:2052020b308ed48e,structured30_auto,30,SHARED,J100,SAT,SAT,303.150823,4.9901670000000005,60.749634831860334,True
structured30_auto:SHARED:J100:6365c9a903430c0a,structured30_auto,30,SHARED,J100,SAT,SAT,299.365203,4.731904999999999,63.265260608570976,True
structured30_auto:SHARED:J100:7aba9fb12e621338,structured30_auto,30,SHARED,J100,SAT,SAT,298.12206000000003,5.215572,57.15999318962523,True
structured30_auto:SHARED:J100:b7747fbd5fad06d5,structured30_auto,30,SHARED,J100,SAT,SAT,314.97069500000003,5.258188,59.90099536190034,True
structured40_auto:P0,structured40_auto,40,P0,,SAT,SAT,518.502664,6.506900000000001,79.68505186801701,True
structured40_auto:PF:l_sw01_sw02,structured40_auto,40,PF,,SAT,SAT,519.637336,6.427847000000001,80.84158443721513,True
structured40_auto:PF:l_sw01_sw09,structured40_auto,40,PF,,SAT,SAT,544.80448,6.3075730000000005,86.37307566634583,True
structured40_auto:PF:l_sw01_sw11,structured40_auto,40,PF,,SAT,SAT,527.0040740000001,6.46263,81.5463787962486,True
structured40_auto:PF:l_sw02_sw03,structured40_auto,40,PF,,SAT,SAT,800.361207,6.923343999999999,115.60327018273253,True
structured40_auto:PF:l_sw03_sw04,structured40_auto,40,PF,,SAT,SAT,518.190704,6.309885,82.12363680162157,True
structured40_auto:PF:l_sw03_sw11,structured40_auto,40,PF,,SAT,SAT,543.124743,6.648181,81.69524009650158,True
structured40_auto:PF:l_sw04_sw05,structured40_auto,40,PF,,SAT,SAT,521.1761750000001,6.550203,79.56641572787898,True
structured40_auto:PF:l_sw05_sw06,structured40_auto,40,PF,,SAT,SAT,525.0819799999999,6.874950999999999,76.37610508060348,True
structured40_auto:PF:l_sw05_sw13,structured40_auto,40,PF,,SAT,SAT,538.1843779999999,6.743374,79.80936219761797,True
structured40_auto:PF:l_sw05_sw15,structured40_auto,40,PF,,SAT,SAT,547.069383,6.679141,81.90714689209285,True
structured40_auto:PF:l_sw06_sw07,structured40_auto,40,PF,,SAT,SAT,519.674382,6.4476830000000005,80.59862465322814,True
structured40_auto:PF:l_sw07_sw15,structured40_auto,40,PF,,SAT,SAT,550.7384159999999,6.67518,82.50540300036852,True
structured40_auto:PF:l_sw09_sw17,structured40_auto,40,PF,,SAT,SAT,581.7885670000001,6.381716,91.16491034699759,True
structured40_auto:PF:l_sw11_sw12,structured40_auto,40,PF,,SAT,SAT,520.709848,6.110926,85.20964711403803,True
structured40_auto:PF:l_sw11_sw19,structured40_auto,40,PF,,SAT,SAT,586.937001,6.724649,87.28143297888113,True
structured40_auto:PF:l_sw12_sw13,structured40_auto,40,PF,,SAT,SAT,515.2643569999999,6.309271,81.66781185972198,True
structured40_auto:PF:l_sw13_sw21,structured40_auto,40,PF,,SAT,SAT,566.119314,6.596506000000001,85.82108679958753,True
structured40_auto:PF:l_sw15_sw23,structured40_auto,40,PF,,SAT,SAT,613.4242770000001,6.9266559999999995,88.55994537623928,True
structured40_auto:PF:l_sw17_sw18,structured40_auto,40,PF,,SAT,SAT,521.488858,6.392295,81.58084975740326,True
structured40_auto:PF:l_sw17_sw25,structured40_auto,40,PF,,SAT,SAT,588.546518,6.6007929999999995,89.16300177872569,True
structured40_auto:PF:l_sw18_sw19,structured40_auto,40,PF,,SAT,SAT,523.9028500000001,6.447292,81.25936439671106,True
structured40_auto:PF:l_sw19_sw27,structured40_auto,40,PF,,SAT,SAT,558.96928,6.361271,87.87069125022342,True
structured40_auto:PF:l_sw19_sw29,structured40_auto,40,PF,,SAT,SAT,542.783906,6.987182,77.6828063159082,True
structured40_auto:PF:l_sw21_sw22,structured40_auto,40,PF,,SAT,SAT,518.716878,6.424986,80.73432035493929,True
structured40_auto:PF:l_sw21_sw29,structured40_auto,40,PF,,SAT,SAT,563.256224,6.6634,84.52985322808175,True
structured40_auto:PF:l_sw22_sw23,structured40_auto,40,PF,,SAT,SAT,519.2775809999999,6.445549,80.5637473239285,True
structured40_auto:PF:l_sw23_sw25,structured40_auto,40,PF,,SAT,SAT,709.536791,6.045887,117.35859287479241,True
structured40_auto:PF:l_sw23_sw31,structured40_auto,40,PF,,SAT,SAT,577.344944,6.634837,87.0172008747163,True
structured40_auto:PF:l_sw25_sw33,structured40_auto,40,PF,,SAT,SAT,544.78872,6.472988,84.16340645154912,True
structured40_auto:PF:l_sw27_sw35,structured40_auto,40,PF,,SAT,SAT,535.262488,6.757236,79.2132297880376,True
structured40_auto:PF:l_sw29_sw37,structured40_auto,40,PF,,SAT,SAT,550.520542,6.361571,86.53845756024731,True
structured40_auto:PF:l_sw31_sw39,structured40_auto,40,PF,,SAT,SAT,543.7304800000001,6.276135,86.63460553350112,True
structured40_auto:SHARED:J020:05053e23a7b8c138,structured40_auto,40,SHARED,J020,SAT,SAT,511.08564199999995,6.341384000000001,80.59528361632097,True
structured40_auto:SHARED:J020:07ea48b4886dd1e4,structured40_auto,40,SHARED,J020,SAT,SAT,603.8669610000001,6.5602860000000005,92.04887728980108,True
structured40_auto:SHARED:J020:0fd594162e2ef1d7,structured40_auto,40,SHARED,J020,SAT,SAT,543.104283,6.511025999999999,83.41301094481885,True
structured40_auto:SHARED:J020:295034074a6192ad,structured40_auto,40,SHARED,J020,SAT,SAT,849.36478,6.3315,134.14906104398642,True
structured40_auto:SHARED:J020:3b2a7841618410db,structured40_auto,40,SHARED,J020,SAT,SAT,520.942753,6.523872,79.85177406914177,True
structured40_auto:SHARED:J020:5331421013021212,structured40_auto,40,SHARED,J020,SAT,SAT,521.0638,6.471237,80.51996859333076,True
structured40_auto:SHARED:J020:5adb5d1015736931,structured40_auto,40,SHARED,J020,SAT,SAT,576.6641179999999,6.226145,92.61977001820547,True
structured40_auto:SHARED:J020:69c9b0afff3dcb14,structured40_auto,40,SHARED,J020,SAT,SAT,563.957927,6.5134549999999996,86.5835300927081,True
structured40_auto:SHARED:J020:840f3d337674c80d,structured40_auto,40,SHARED,J020,SAT,SAT,603.224627,7.1195759999999995,84.72760554842031,True
structured40_auto:SHARED:J020:d63e56304fe621ca,structured40_auto,40,SHARED,J020,SAT,SAT,596.260188,6.390568999999999,93.30314530677941,True
structured40_auto:SHARED:J020:dc76c19af23d27a8,structured40_auto,40,SHARED,J020,SAT,SAT,540.6383609999999,6.669485,81.06148540704416,True
structured40_auto:SHARED:J020:fdcc4b526eb692b1,structured40_auto,40,SHARED,J020,SAT,SAT,800.3343040000001,6.783797,117.97733688080585,True
structured40_auto:SHARED:J040:05053e23a7b8c138,structured40_auto,40,SHARED,J040,SAT,SAT,516.590123,6.326685,81.65257524280092,True
structured40_auto:SHARED:J040:07ea48b4886dd1e4,structured40_auto,40,SHARED,J040,SAT,SAT,601.833313,6.654534,90.43958795612134,True
structured40_auto:SHARED:J040:295034074a6192ad,structured40_auto,40,SHARED,J040,SAT,SAT,840.6951660000001,6.043259,139.11288031838453,True
structured40_auto:SHARED:J040:3b2a7841618410db,structured40_auto,40,SHARED,J040,SAT,SAT,520.504822,6.392956,81.41848966268499,True
structured40_auto:SHARED:J040:49e38987bf5d301c,structured40_auto,40,SHARED,J040,SAT,SAT,603.3115650000001,6.540635,92.24051869581471,True
structured40_auto:SHARED:J040:5331421013021212,structured40_auto,40,SHARED,J040,SAT,SAT,522.127595,6.5653630000000005,79.52760494735783,True
structured40_auto:SHARED:J040:5adb5d1015736931,structured40_auto,40,SHARED,J040,SAT,SAT,569.547817,7.127359,79.91007847366745,True
structured40_auto:SHARED:J040:616d32da7c6a3168,structured40_auto,40,SHARED,J040,SAT,SAT,523.259701,6.418981,81.51756501538172,True
structured40_auto:SHARED:J040:69c9b0afff3dcb14,structured40_auto,40,SHARED,J040,SAT,SAT,561.19353,6.734363,83.33283043993916,True
structured40_auto:SHARED:J040:7aba9fb12e621338,structured40_auto,40,SHARED,J040,SAT,SAT,518.7842430000001,6.520487,79.56219267057814,True
structured40_auto:SHARED:J040:fdcc4b526eb692b1,structured40_auto,40,SHARED,J040,SAT,SAT,792.043795,6.6038809999999994,119.93610953922399,True
structured40_auto:SHARED:J100:05053e23a7b8c138,structured40_auto,40,SHARED,J100,SAT,SAT,513.576012,6.3843119999999995,80.44343885449207,True
structured40_auto:SHARED:J100:3b2a7841618410db,structured40_auto,40,SHARED,J100,SAT,SAT,518.175932,6.725315,77.04857423035203,True
structured40_auto:SHARED:J100:5331421013021212,structured40_auto,40,SHARED,J100,SAT,SAT,521.7386819999999,6.596472,79.0935945760097,True
structured40_auto:SHARED:J100:616d32da7c6a3168,structured40_auto,40,SHARED,J100,SAT,SAT,522.45313,6.435445,81.18368349041909,True
structured40_auto:SHARED:J100:7aba9fb12e621338,structured40_auto,40,SHARED,J100,SAT,SAT,520.642881,6.582149,79.0992244326283,True
structured40_auto:SHARED:J100:fdcc4b526eb692b1,structured40_auto,40,SHARED,J100,SAT,SAT,798.7805420000001,6.65972,119.94206092748645,True
structured50_auto:P0,structured50_auto,50,P0,,SAT,SAT,2191.0639779999997,11.569998,189.37462028947624,True
structured50_auto:PF:l_sw01_sw02,structured50_auto,50,PF,,SAT,SAT,2053.1269970000003,11.508395,178.4025484874303,True
structured50_auto:PF:l_sw01_sw11,structured50_auto,50,PF,,SAT,SAT,1543.15877,10.836507000000001,142.40370720934337,True
structured50_auto:PF:l_sw01_sw13,structured50_auto,50,PF,,SAT,SAT,1529.9112690000002,11.067316,138.23688317926408,True
structured50_auto:PF:l_sw02_sw03,structured50_auto,50,PF,,SAT,SAT,2345.635217,11.380877,206.10320426097215,True
structured50_auto:PF:l_sw03_sw04,structured50_auto,50,PF,,SAT,SAT,2278.889475,11.674762999999999,195.19792179078925,True
structured50_auto:PF:l_sw03_sw13,structured50_auto,50,PF,,SAT,SAT,2068.463749,11.170808000000001,185.16688756981588,True
structured50_auto:PF:l_sw04_sw05,structured50_auto,50,PF,,SAT,SAT,2315.02614,11.819382999999998,195.86691961839296,True
structured50_auto:PF:l_sw05_sw06,structured50_auto,50,PF,,SAT,SAT,2148.660633,11.266206,190.7173216076468,True
structured50_auto:PF:l_sw05_sw15,structured50_auto,50,PF,,SAT,SAT,2222.136433,11.108928,200.03158117506928,True
structured50_auto:PF:l_sw05_sw17,structured50_auto,50,PF,,SAT,SAT,2155.2151209999997,11.383958,189.3203682761303,True
structured50_auto:PF:l_sw06_sw07,structured50_auto,50,PF,,SAT,SAT,1779.697692,11.280738,157.7642962721056,True
structured50_auto:PF:l_sw07_sw08,structured50_auto,50,PF,,SAT,SAT,2267.0116980000003,11.490926,197.287120115472,True
structured50_auto:PF:l_sw07_sw17,structured50_auto,50,PF,,SAT,SAT,1924.800306,11.361672,169.4117121142029,True
structured50_auto:PF:l_sw08_sw09,structured50_auto,50,PF,,SAT,SAT,2303.248478,11.678473,197.22171537323416,True
structured50_auto:PF:l_sw09_sw10,structured50_auto,50,PF,,SAT,SAT,1634.147389,11.668699,140.04538029475265,True
structured50_auto:PF:l_sw09_sw11,structured50_auto,50,PF,,SAT,SAT,2142.776602,11.067413,193.6113346452328,True
structured50_auto:PF:l_sw09_sw19,structured50_auto,50,PF,,SAT,SAT,2099.330098,10.738242999999999,195.50033445881232,True
structured50_auto:PF:l_sw10_sw20,structured50_auto,50,PF,,SAT,SAT,1634.762666,11.30123,144.65351700655592,True
structured50_auto:PF:l_sw11_sw12,structured50_auto,50,PF,,SAT,SAT,2267.017236,11.258654,201.35774986956702,True
structured50_auto:PF:l_sw11_sw21,structured50_auto,50,PF,,SAT,SAT,2133.430402,10.583461,201.58154331555622,True
structured50_auto:PF:l_sw12_sw24,structured50_auto,50,PF,,SAT,SAT,2047.11767,11.701931,174.93844990198627,True
structured50_auto:PF:l_sw13_sw14,structured50_auto,50,PF,,SAT,SAT,2206.0633780000003,11.316602,194.94044042549172,True
structured50_auto:PF:l_sw13_sw23,structured50_auto,50,PF,,SAT,SAT,1582.0864960000001,11.749293,134.65376137951452,True
structured50_auto:PF:l_sw14_sw15,structured50_auto,50,PF,,SAT,SAT,2259.665671,10.959686999999999,206.17976325418786,True
structured50_auto:PF:l_sw15_sw25,structured50_auto,50,PF,,SAT,SAT,1891.362907,11.328211,166.96042358321185,True
structured50_auto:PF:l_sw17_sw18,structured50_auto,50,PF,,SAT,SAT,2248.383537,10.881135,206.6313428700223,True
structured50_auto:PF:l_sw17_sw27,structured50_auto,50,PF,,SAT,SAT,2158.7677479999998,12.022604,179.5590828742259,True
structured50_auto:PF:l_sw18_sw19,structured50_auto,50,PF,,SAT,SAT,2155.225762,11.336596,190.11224903842387,True
structured50_auto:PF:l_sw19_sw20,structured50_auto,50,PF,,SAT,SAT,2337.79284,11.694751,199.90103594339033,True
structured50_auto:PF:l_sw19_sw29,structured50_auto,50,PF,,SAT,SAT,2057.031442,10.657426,193.01390804871647,True
structured50_auto:PF:l_sw20_sw22,structured50_auto,50,PF,,SAT,SAT,1674.713083,11.87153,141.06969219637233,True
structured50_auto:PF:l_sw21_sw22,structured50_auto,50,PF,,SAT,SAT,1724.983715,12.100196,142.5583283940194,True
structured50_auto:PF:l_sw21_sw31,structured50_auto,50,PF,,SAT,SAT,2114.259079,11.050818,191.3215002726495,True
structured50_auto:PF:l_sw22_sw23,structured50_auto,50,PF,,SAT,SAT,2221.3902980000003,12.100714,183.57514259075955,True
structured50_auto:PF:l_sw23_sw33,structured50_auto,50,PF,,SAT,SAT,1545.34997,10.78582,143.27607636693364,True
structured50_auto:PF:l_sw23_sw35,structured50_auto,50,PF,,SAT,SAT,2209.349155,11.905361,185.5759900938745,True
structured50_auto:PF:l_sw24_sw34,structured50_auto,50,PF,,SAT,SAT,1648.361108,11.340696000000001,145.34920149521687,True
structured50_auto:PF:l_sw25_sw26,structured50_auto,50,PF,,SAT,SAT,2126.907589,11.317516999999999,187.93058486238635,True
structured50_auto:PF:l_sw25_sw35,structured50_auto,50,PF,,SAT,SAT,2148.539212,10.929738,196.5773755967435,True
structured50_auto:PF:l_sw26_sw27,structured50_auto,50,PF,,SAT,SAT,2095.445754,11.724357,178.72585711949918,True
structured50_auto:PF:l_sw27_sw37,structured50_auto,50,PF,,SAT,SAT,2064.9555020000003,11.061266999999999,186.68345154311893,True
structured50_auto:PF:l_sw27_sw39,structured50_auto,50,PF,,SAT,SAT,2374.117893,11.604717,204.58214474338322,True
structured50_auto:PF:l_sw29_sw39,structured50_auto,50,PF,,SAT,SAT,2169.5057699999998,11.032547000000001,196.6459576378872,True
structured50_auto:PF:l_sw31_sw41,structured50_auto,50,PF,,SAT,SAT,2253.964551,10.66517,211.33883013585344,True
structured50_auto:PF:l_sw33_sw43,structured50_auto,50,PF,,SAT,SAT,2090.8437540000004,10.894941,191.90959859259453,True
structured50_auto:PF:l_sw34_sw46,structured50_auto,50,PF,,SAT,SAT,1672.278297,11.207153,149.2152643048596,True
structured50_auto:PF:l_sw35_sw36,structured50_auto,50,PF,,SAT,SAT,1567.926039,11.712587,133.86675710498457,True
structured50_auto:PF:l_sw35_sw45,structured50_auto,50,PF,,SAT,SAT,1664.0200009999999,11.106214999999999,149.82782171964075,True
structured50_auto:PF:l_sw36_sw37,structured50_auto,50,PF,,SAT,SAT,1574.408125,12.517637,125.77518624321826,True
structured50_auto:PF:l_sw37_sw47,structured50_auto,50,PF,,SAT,SAT,2046.491906,11.151853,183.51137752622816,True
structured50_auto:PF:l_sw39_sw49,structured50_auto,50,PF,,SAT,SAT,1966.299719,10.548118,186.41237413157495,True
structured50_auto:PF:l_sw46_sw47,structured50_auto,50,PF,,SAT,SAT,1682.408646,11.530624999999999,145.90784506477317,True
structured50_auto:SHARED:J020:031965eb7d15aa73,structured50_auto,50,SHARED,J020,SAT,SAT,2245.232055,10.991945,204.26158018439867,True
structured50_auto:SHARED:J020:1bcc5217c7acb3cd,structured50_auto,50,SHARED,J020,SAT,SAT,2062.659804,11.515242,179.1243122810619,True
structured50_auto:SHARED:J020:26e29479970398a4,structured50_auto,50,SHARED,J020,SAT,SAT,1631.3269480000001,11.479486000000001,142.10801319850034,True
structured50_auto:SHARED:J020:316c1b9331ad1631,structured50_auto,50,SHARED,J020,SAT,SAT,2141.504761,11.320559,189.16952431412622,True
structured50_auto:SHARED:J020:3923eef7da4e542d,structured50_auto,50,SHARED,J020,SAT,SAT,1819.2852690000002,11.279726,161.288072866309,True
structured50_auto:SHARED:J020:4b8b73406bb110e3,structured50_auto,50,SHARED,J020,SAT,SAT,2037.2494479999998,11.190939,182.04454943414487,True
structured50_auto:SHARED:J020:510db860be93d536,structured50_auto,50,SHARED,J020,SAT,SAT,2043.699267,10.827382,188.752855214677,True
structured50_auto:SHARED:J020:5331421013021212,structured50_auto,50,SHARED,J020,SAT,SAT,1770.668637,11.002045,160.9399558900186,True
structured50_auto:SHARED:J020:5d3f41d3c3ea6042,structured50_auto,50,SHARED,J020,SAT,SAT,2011.0649440000002,10.824558999999999,185.787240293115,True
structured50_auto:SHARED:J020:616d32da7c6a3168,structured50_auto,50,SHARED,J020,SAT,SAT,2154.932858,11.815582,182.38059352472018,True
structured50_auto:SHARED:J020:6806b2d1262321a2,structured50_auto,50,SHARED,J020,SAT,SAT,1637.15719,11.436627,143.15035280944284,True
structured50_auto:SHARED:J020:745e05b3b0aeca48,structured50_auto,50,SHARED,J020,SAT,SAT,2024.38504,10.525191999999999,192.33711271015295,True
structured50_auto:SHARED:J020:7f7e9353d8311c09,structured50_auto,50,SHARED,J020,SAT,SAT,1680.221008,11.796924,142.42873888142367,True
structured50_auto:SHARED:J020:88e2ead9b7397f9c,structured50_auto,50,SHARED,J020,SAT,SAT,2212.62264,12.11858,182.58101526746535,True
structured50_auto:SHARED:J020:95831ea67281abdc,structured50_auto,50,SHARED,J020,SAT,SAT,2194.231763,12.995276,168.848415608872,True
structured50_auto:SHARED:J020:b7747fbd5fad06d5,structured50_auto,50,SHARED,J020,SAT,SAT,2307.544875,10.828990000000001,213.08957483569566,True
structured50_auto:SHARED:J020:d64d410f397a1696,structured50_auto,50,SHARED,J020,SAT,SAT,2307.039293,11.349663,203.2694092326794,True
structured50_auto:SHARED:J020:f2e6898904481fc4,structured50_auto,50,SHARED,J020,SAT,SAT,2082.046653,11.248085,185.10232212861123,True
structured50_auto:SHARED:J020:fdcc4b526eb692b1,structured50_auto,50,SHARED,J020,SAT,SAT,2171.3843810000003,11.423647,190.07803558705902,True
structured50_auto:SHARED:J040:00e10ec6d668845e,structured50_auto,50,SHARED,J040,SAT,SAT,2115.233303,11.478985,184.27006420863864,True
structured50_auto:SHARED:J040:1bcc5217c7acb3cd,structured50_auto,50,SHARED,J040,SAT,SAT,2062.341347,11.228771,183.66581231374298,True
structured50_auto:SHARED:J040:510db860be93d536,structured50_auto,50,SHARED,J040,SAT,SAT,2050.819396,11.425931,179.48816564707067,True
structured50_auto:SHARED:J040:5331421013021212,structured50_auto,50,SHARED,J040,SAT,SAT,1784.1643860000001,11.585425,154.000771313957,True
structured50_auto:SHARED:J040:5d3f41d3c3ea6042,structured50_auto,50,SHARED,J040,SAT,SAT,2003.003507,10.595262,189.04709548475535,True
structured50_auto:SHARED:J040:616d32da7c6a3168,structured50_auto,50,SHARED,J040,SAT,SAT,2151.07327,11.397361,188.73432806067999,True
structured50_auto:SHARED:J040:6394885934c5990e,structured50_auto,50,SHARED,J040,SAT,SAT,1555.678705,11.234961,138.46765511691584,True
structured50_auto:SHARED:J040:6806b2d1262321a2,structured50_auto,50,SHARED,J040,SAT,SAT,1643.626897,11.600895999999999,141.68103024111244,True
structured50_auto:SHARED:J040:745e05b3b0aeca48,structured50_auto,50,SHARED,J040,SAT,SAT,2020.130219,10.676573999999999,189.21146605643347,True
structured50_auto:SHARED:J040:7f7e9353d8311c09,structured50_auto,50,SHARED,J040,SAT,SAT,1681.870745,11.537744,145.77119625812463,True
structured50_auto:SHARED:J040:95831ea67281abdc,structured50_auto,50,SHARED,J040,SAT,SAT,2183.354363,12.610524999999999,173.13746755190604,True
structured50_auto:SHARED:J040:acc0955611463d9b,structured50_auto,50,SHARED,J040,SAT,SAT,2115.6881940000003,11.153874,189.68191625618152,True
structured50_auto:SHARED:J040:b7747fbd5fad06d5,structured50_auto,50,SHARED,J040,SAT,SAT,2302.526718,10.998325,209.35248940179528,True
structured50_auto:SHARED:J040:d64d410f397a1696,structured50_auto,50,SHARED,J040,SAT,SAT,2318.8526939999997,11.903911999999998,194.79753328149604,True
structured50_auto:SHARED:J040:df37ad68610bd748,structured50_auto,50,SHARED,J040,SAT,SAT,1569.939811,11.627716999999999,135.0170296542305,True
structured50_auto:SHARED:J040:f10c04e1376bc11d,structured50_auto,50,SHARED,J040,SAT,SAT,2010.614772,10.70294,187.85630602432602,True
structured50_auto:SHARED:J040:f2e6898904481fc4,structured50_auto,50,SHARED,J040,SAT,SAT,2119.807309,11.137246999999999,190.3349462394073,True
structured50_auto:SHARED:J040:fdcc4b526eb692b1,structured50_auto,50,SHARED,J040,SAT,SAT,2135.802643,11.527986,185.27109965261928,True
structured50_auto:SHARED:J100:376f030e655e287f,structured50_auto,50,SHARED,J100,SAT,SAT,2070.315223,11.643634,177.80662145512304,True
structured50_auto:SHARED:J100:5331421013021212,structured50_auto,50,SHARED,J100,SAT,SAT,1779.399185,11.530515999999999,154.32086343750794,True
structured50_auto:SHARED:J100:616d32da7c6a3168,structured50_auto,50,SHARED,J100,SAT,SAT,2165.9225659999997,11.269179000000001,192.19878981423577,True
structured50_auto:SHARED:J100:6806b2d1262321a2,structured50_auto,50,SHARED,J100,SAT,SAT,1629.849142,11.361869,143.4490348374902,True
structured50_auto:SHARED:J100:7aba9fb12e621338,structured50_auto,50,SHARED,J100,SAT,SAT,2050.439364,11.773112000000001,174.16290306250374,True
structured50_auto:SHARED:J100:7f7e9353d8311c09,structured50_auto,50,SHARED,J100,SAT,SAT,1692.0444029999999,11.670441,144.985472528416,True
structured50_auto:SHARED:J100:acc0955611463d9b,structured50_auto,50,SHARED,J100,SAT,SAT,2121.744125,11.761871,180.3917187155003,True
structured50_auto:SHARED:J100:b7747fbd5fad06d5,structured50_auto,50,SHARED,J100,SAT,SAT,2301.539925,10.908421,210.9874495126288,True
structured50_auto:SHARED:J100:df37ad68610bd748,structured50_auto,50,SHARED,J100,SAT,SAT,1567.331631,11.670041000000001,134.30386671306465,True
structured50_auto:SHARED:J100:fdcc4b526eb692b1,structured50_auto,50,SHARED,J100,SAT,SAT,2140.740835,11.306728,189.33336284378646,True
structured60_auto:P0,structured60_auto,60,P0,,SAT,SAT,4339.585533,15.577636,278.57792626557716,True
structured60_auto:PF:l_sw01_sw02,structured60_auto,60,PF,,SAT,SAT,4027.532161,15.095222,266.80840871369764,True
structured60_auto:PF:l_sw01_sw13,structured60_auto,60,PF,,SAT,SAT,5667.844865,14.773516,383.649015237808,True
structured60_auto:PF:l_sw01_sw15,structured60_auto,60,PF,,SAT,SAT,4227.64307,14.932839999999999,283.11045119347693,True
structured60_auto:PF:l_sw02_sw03,structured60_auto,60,PF,,SAT,SAT,4524.742618,15.972422,283.2846901991445,True
structured60_auto:PF:l_sw03_sw04,structured60_auto,60,PF,,SAT,SAT,4523.363337,16.569256,272.99737157781857,True
structured60_auto:PF:l_sw03_sw15,structured60_auto,60,PF,,SAT,SAT,4075.414534,15.816303,257.67175388584803,True
structured60_auto:PF:l_sw04_sw05,structured60_auto,60,PF,,SAT,SAT,4338.886949,15.931225,272.3511185737443,True
structured60_auto:PF:l_sw05_sw06,structured60_auto,60,PF,,SAT,SAT,4438.644017,15.771773,281.42961587134175,True
structured60_auto:PF:l_sw05_sw17,structured60_auto,60,PF,,SAT,SAT,4285.279991,16.117605,265.8757297377619,True
structured60_auto:PF:l_sw05_sw19,structured60_auto,60,PF,,SAT,SAT,4363.604863,15.634848999999999,279.0947877398752,True
structured60_auto:PF:l_sw06_sw07,structured60_auto,60,PF,,SAT,SAT,4838.749262,15.622568999999999,309.72814151116893,True
structured60_auto:PF:l_sw07_sw08,structured60_auto,60,PF,,SAT,SAT,4580.288069,16.157728,283.47352232937703,True
structured60_auto:PF:l_sw07_sw19,structured60_auto,60,PF,,SAT,SAT,4697.128672,16.158782,290.6858123341227,True
structured60_auto:PF:l_sw08_sw09,structured60_auto,60,PF,,SAT,SAT,4456.303980000001,16.678282999999997,267.19201131195587,True
structured60_auto:PF:l_sw09_sw10,structured60_auto,60,PF,,SAT,SAT,4159.988505,15.534224,267.79506366072746,True
structured60_auto:PF:l_sw09_sw21,structured60_auto,60,PF,,SAT,SAT,4795.997579,15.923313000000002,301.1934500690905,True
structured60_auto:PF:l_sw09_sw23,structured60_auto,60,PF,,SAT,SAT,4348.995465,15.708368,276.85851674725217,True
structured60_auto:PF:l_sw10_sw11,structured60_auto,60,PF,,SAT,SAT,4524.9696730000005,15.991353,282.96352866452264,True
structured60_auto:PF:l_sw11_sw23,structured60_auto,60,PF,,SAT,SAT,4967.916219,16.582141,299.59437801186226,True
structured60_auto:PF:l_sw13_sw14,structured60_auto,60,PF,,SAT,SAT,4415.611654,16.548796,266.8237407724405,True
structured60_auto:PF:l_sw13_sw25,structured60_auto,60,PF,,SAT,SAT,5088.303681,15.290203,332.7819572441256,True
structured60_auto:PF:l_sw14_sw28,structured60_auto,60,PF,,SAT,SAT,4428.917981,17.215711000000002,257.2602421706544,True
structured60_auto:PF:l_sw15_sw16,structured60_auto,60,PF,,SAT,SAT,4919.341488,15.941637000000002,308.58446268723844,True
structured60_auto:PF:l_sw15_sw27,structured60_auto,60,PF,,SAT,SAT,4857.916187,15.593826,311.5281770490449,True
structured60_auto:PF:l_sw16_sw17,structured60_auto,60,PF,,SAT,SAT,4121.826815,15.172887,271.6573856379475,True
structured60_auto:PF:l_sw17_sw29,structured60_auto,60,PF,,SAT,SAT,4174.575454,14.805793,281.9555463189307,True
structured60_auto:PF:l_sw19_sw20,structured60_auto,60,PF,,SAT,SAT,4147.1081349999995,15.81368,262.2481380045631,True
structured60_auto:PF:l_sw19_sw31,structured60_auto,60,PF,,SAT,SAT,4867.463365,16.181917000000002,300.79646095082546,True
structured60_auto:PF:l_sw20_sw21,structured60_auto,60,PF,,SAT,SAT,4244.41175,15.364426,276.24928845373074,True
structured60_auto:PF:l_sw21_sw33,structured60_auto,60,PF,,SAT,SAT,4421.948804000001,15.441925000000001,286.3599456673958,True
structured60_auto:PF:l_sw23_sw35,structured60_auto,60,PF,,SAT,SAT,4397.280291,16.017097,274.53665860923485,True
structured60_auto:PF:l_sw25_sw26,structured60_auto,60,PF,,SAT,SAT,4260.823353,16.089451,264.8209285077533,True
structured60_auto:PF:l_sw25_sw37,structured60_auto,60,PF,,SAT,SAT,4277.480335,15.189396,281.6096397118095,True
structured60_auto:PF:l_sw26_sw27,structured60_auto,60,PF,,SAT,SAT,5544.03488,15.681686000000001,353.53563896126985,True
structured60_auto:PF:l_sw27_sw39,structured60_auto,60,PF,,SAT,SAT,4643.384269,15.188977,305.7075054495112,True
structured60_auto:PF:l_sw27_sw41,structured60_auto,60,PF,,SAT,SAT,4051.4437790000006,16.149689,250.86822284936886,True
structured60_auto:PF:l_sw28_sw29,structured60_auto,60,PF,,SAT,SAT,4452.016297,17.165412,259.3597110864569,True
structured60_auto:PF:l_sw29_sw30,structured60_auto,60,PF,,SAT,SAT,4329.807531,17.097263,253.2456528860789,True
structured60_auto:PF:l_sw29_sw41,structured60_auto,60,PF,,SAT,SAT,4546.6664789999995,15.576334000000001,291.8958003211795,True
structured60_auto:PF:l_sw30_sw31,structured60_auto,60,PF,,SAT,SAT,5275.226632,16.344192,322.75848399235645,True
structured60_auto:PF:l_sw31_sw43,structured60_auto,60,PF,,SAT,SAT,4700.299081,15.323602000000001,306.7359150283334,True
structured60_auto:PF:l_sw31_sw45,structured60_auto,60,PF,,SAT,SAT,4674.771347,17.329759,269.753973324153,True
structured60_auto:PF:l_sw33_sw34,structured60_auto,60,PF,,SAT,SAT,5538.927593,14.874803,372.3698117548179,True
structured60_auto:PF:l_sw33_sw45,structured60_auto,60,PF,,SAT,SAT,4642.398491,15.738449000000001,294.97179112122166,True
structured60_auto:PF:l_sw34_sw35,structured60_auto,60,PF,,SAT,SAT,5073.611187,14.672734,345.78499051369704,True
structured60_auto:PF:l_sw35_sw37,structured60_auto,60,PF,,SAT,SAT,2769.1335019999997,14.60709,189.57461766854314,True
structured60_auto:PF:l_sw35_sw47,structured60_auto,60,PF,,SAT,SAT,3108.602366,14.741815,210.86971760261542,True
structured60_auto:PF:l_sw37_sw38,structured60_auto,60,PF,,SAT,SAT,4587.083338,15.537334999999999,295.22973778965314,True
structured60_auto:PF:l_sw37_sw49,structured60_auto,60,PF,,SAT,SAT,4023.128702,14.806066999999999,271.7216328954881,True
structured60_auto:PF:l_sw38_sw39,structured60_auto,60,PF,,SAT,SAT,4317.931456,15.577121,277.197015802856,True
structured60_auto:PF:l_sw39_sw51,structured60_auto,60,PF,,SAT,SAT,4579.735003,15.017821000000001,304.9533619424549,True
structured60_auto:PF:l_sw41_sw42,structured60_auto,60,PF,,SAT,SAT,4805.1879819999995,16.161778,297.31802911783586,True
structured60_auto:PF:l_sw41_sw53,structured60_auto,60,PF,,SAT,SAT,2954.3012320000003,14.552519,203.00961173800908,True
structured60_auto:PF:l_sw42_sw43,structured60_auto,60,PF,,SAT,SAT,4790.861598,16.004758000000002,299.33983369195585,True
structured60_auto:PF:l_sw43_sw55,structured60_auto,60,PF,,SAT,SAT,4463.5792360000005,15.315156,291.4484995125091,True
structured60_auto:PF:l_sw45_sw46,structured60_auto,60,PF,,SAT,SAT,4570.845103,17.263365,264.77138744387315,True
structured60_auto:PF:l_sw45_sw57,structured60_auto,60,PF,,SAT,SAT,5353.093207999999,15.897749,336.7201990671761,True
structured60_auto:PF:l_sw46_sw47,structured60_auto,60,PF,,SAT,SAT,4593.196123000001,16.458260999999997,279.0814973100743,True
structured60_auto:PF:l_sw47_sw59,structured60_auto,60,PF,,SAT,SAT,4081.705024,14.744644,276.8262851242797,True
structured60_auto:SHARED:J020:0577e01e16101338,structured60_auto,60,SHARED,J020,SAT,SAT,4440.9714380000005,15.175263,292.64543474468945,True
structured60_auto:SHARED:J020:0590f3085ba3eb8f,structured60_auto,60,SHARED,J020,SAT,SAT,4009.573109,14.708584,272.60089135704703,True
structured60_auto:SHARED:J020:35c153fe94684fd2,structured60_auto,60,SHARED,J020,SAT,SAT,6307.273337,16.222237,388.8041665893551,True
structured60_auto:SHARED:J020:3d24bf3f399b096c,structured60_auto,60,SHARED,J020,SAT,SAT,4654.005674999999,14.413272,322.89723492347883,True
structured60_auto:SHARED:J020:572fcf64bbb7b658,structured60_auto,60,SHARED,J020,SAT,SAT,4410.249055,16.081016,274.2518914849659,True
structured60_auto:SHARED:J020:590653e5fd3802fc,structured60_auto,60,SHARED,J020,SAT,SAT,3793.599763,15.179195,249.92101116034152,True
structured60_auto:SHARED:J020:6365c9a903430c0a,structured60_auto,60,SHARED,J020,SAT,SAT,4363.346745000001,15.736667999999998,277.2725932198609,True
structured60_auto:SHARED:J020:8ac4211873210d3d,structured60_auto,60,SHARED,J020,SAT,SAT,2910.763582,13.441309,216.55357986338979,True
structured60_auto:SHARED:J020:946b2d8ff57bbd4e,structured60_auto,60,SHARED,J020,SAT,SAT,4911.088895,15.615297,314.504994365461,True
structured60_auto:SHARED:J020:982ef513866b5118,structured60_auto,60,SHARED,J020,SAT,SAT,2564.890126,14.790061,173.419847693664,True
structured60_auto:SHARED:J020:a0ad95374738350e,structured60_auto,60,SHARED,J020,SAT,SAT,3805.575107,14.826034,256.68193577594656,True
structured60_auto:SHARED:J020:acc0955611463d9b,structured60_auto,60,SHARED,J020,SAT,SAT,2493.318891,15.13494,164.7392649723091,True
structured60_auto:SHARED:J020:b489eae622126439,structured60_auto,60,SHARED,J020,SAT,SAT,4026.050422,15.745833000000001,255.68989725726163,True
structured60_auto:SHARED:J020:c527d7bc5f2fbe29,structured60_auto,60,SHARED,J020,SAT,SAT,4287.222589999999,14.706274,291.52337226954967,True
structured60_auto:SHARED:J020:d8010ef5432c7973,structured60_auto,60,SHARED,J020,SAT,SAT,4866.017363,16.192898,300.5031812711968,True
structured60_auto:SHARED:J020:e113252fd274ae0d,structured60_auto,60,SHARED,J020,SAT,SAT,4493.743058,15.496151,289.99091826092814,True
structured60_auto:SHARED:J020:f03cd43d32bdfd14,structured60_auto,60,SHARED,J020,SAT,SAT,4478.7867590000005,14.748685,303.6736332086556,True
structured60_auto:SHARED:J040:01209e44e9f0ad8c,structured60_auto,60,SHARED,J040,SAT,SAT,4793.2069249999995,16.947515,282.82653386056893,True
structured60_auto:SHARED:J040:0590f3085ba3eb8f,structured60_auto,60,SHARED,J040,SAT,SAT,4278.42504,15.189487,281.670147253821,True
structured60_auto:SHARED:J040:06214862f3cd0a90,structured60_auto,60,SHARED,J040,SAT,SAT,4569.8597469999995,16.769337,272.51284573743135,True
structured60_auto:SHARED:J040:0b72756323b9a1f0,structured60_auto,60,SHARED,J040,SAT,SAT,4571.402583,15.672222,291.688222831453,True
structured60_auto:SHARED:J040:0ca7ea56f4fbb271,structured60_auto,60,SHARED,J040,SAT,SAT,4548.046571999999,16.886788,269.3257339406404,True
structured60_auto:SHARED:J040:243352c672997b29,structured60_auto,60,SHARED,J040,SAT,SAT,4346.812937000001,15.359062999999999,283.01289844308866,True
structured60_auto:SHARED:J040:269478d72ce5dba2,structured60_auto,60,SHARED,J040,SAT,SAT,4294.3275459999995,16.67895,257.46989744558255,True
structured60_auto:SHARED:J040:2d75b06756aacbbb,structured60_auto,60,SHARED,J040,SAT,SAT,4158.9395939999995,14.587995,285.09329719402837,True
structured60_auto:SHARED:J040:3d24bf3f399b096c,structured60_auto,60,SHARED,J040,SAT,SAT,4940.6997759999995,15.162757000000001,325.844421037678,True
structured60_auto:SHARED:J040:4e8ab30b2b8576ef,structured60_auto,60,SHARED,J040,SAT,SAT,4259.180615,16.824723,253.15011813270272,True
structured60_auto:SHARED:J040:5331421013021212,structured60_auto,60,SHARED,J040,SAT,SAT,5229.082404,15.941662999999998,328.0136083669565,True
structured60_auto:SHARED:J040:5c50a2ac2b933a39,structured60_auto,60,SHARED,J040,SAT,SAT,4210.097095,15.778015,266.833127931492,True
structured60_auto:SHARED:J040:5ed9f14220ec1e69,structured60_auto,60,SHARED,J040,SAT,SAT,4200.60152,14.870213999999999,282.4842682156424,True
structured60_auto:SHARED:J040:626d41c3ee1efb40,structured60_auto,60,SHARED,J040,SAT,SAT,2449.278127,15.676395999999999,156.2398734377468,True
structured60_auto:SHARED:J040:6365c9a903430c0a,structured60_auto,60,SHARED,J040,SAT,SAT,4542.771543,16.142622,281.414725749014,True
structured60_auto:SHARED:J040:8ac4211873210d3d,structured60_auto,60,SHARED,J040,SAT,SAT,3074.61921,13.510558000000001,227.57159326802042,True
structured60_auto:SHARED:J040:a0ad95374738350e,structured60_auto,60,SHARED,J040,SAT,SAT,4023.756838,15.122786,266.07245768074745,True
structured60_auto:SHARED:J040:aac9b4d5db4a09a1,structured60_auto,60,SHARED,J040,SAT,SAT,5638.476075,15.027918,375.2000826062532,True
structured60_auto:SHARED:J040:acc0955611463d9b,structured60_auto,60,SHARED,J040,SAT,SAT,2663.422595,16.192315999999998,164.4868217122245,True
structured60_auto:SHARED:J040:c46dee8a74d54850,structured60_auto,60,SHARED,J040,SAT,SAT,3780.687978,15.348084,246.32963814897025,True
structured60_auto:SHARED:J040:e113252fd274ae0d,structured60_auto,60,SHARED,J040,SAT,SAT,4988.937857,16.085559,310.1501077457115,True
structured60_auto:SHARED:J040:fdcc4b526eb692b1,structured60_auto,60,SHARED,J040,SAT,SAT,4495.042327,15.636757000000001,287.4664054061849,True
structured60_auto:SHARED:J100:01209e44e9f0ad8c,structured60_auto,60,SHARED,J100,SAT,SAT,4971.544748,16.512642,301.0750640630373,True
structured60_auto:SHARED:J100:06214862f3cd0a90,structured60_auto,60,SHARED,J100,SAT,SAT,4776.0094899999995,16.473451999999998,289.9215956679875,True
structured60_auto:SHARED:J100:0b72756323b9a1f0,structured60_auto,60,SHARED,J100,SAT,SAT,4583.200607,16.687342,274.6513259571236,True
structured60_auto:SHARED:J100:0ca7ea56f4fbb271,structured60_auto,60,SHARED,J100,SAT,SAT,4182.718065999999,16.022354999999997,261.0551361519577,True
structured60_auto:SHARED:J100:269478d72ce5dba2,structured60_auto,60,SHARED,J100,SAT,SAT,4259.348884,16.466842,258.6621578077934,True
structured60_auto:SHARED:J100:2d75b06756aacbbb,structured60_auto,60,SHARED,J100,SAT,SAT,4006.8096779999996,14.448843,277.31007098630664,True
structured60_auto:SHARED:J100:376f030e655e287f,structured60_auto,60,SHARED,J100,SAT,SAT,2265.740089,15.836825,143.06782382200979,True
structured60_auto:SHARED:J100:3d24bf3f399b096c,structured60_auto,60,SHARED,J100,SAT,SAT,4927.904098,15.344227,321.15688186834046,True
structured60_auto:SHARED:J100:5331421013021212,structured60_auto,60,SHARED,J100,SAT,SAT,4954.737156,15.252424000000001,324.84916207417257,True
structured60_auto:SHARED:J100:5ed9f14220ec1e69,structured60_auto,60,SHARED,J100,SAT,SAT,3920.9722500000003,14.602934999999999,268.5057661353694,True
structured60_auto:SHARED:J100:6365c9a903430c0a,structured60_auto,60,SHARED,J100,SAT,SAT,4346.068242,15.207668,285.78137305469846,True
structured60_auto:SHARED:J100:7aba9fb12e621338,structured60_auto,60,SHARED,J100,SAT,SAT,4416.216871,15.391902,286.91820354625435,True
structured60_auto:SHARED:J100:acc0955611463d9b,structured60_auto,60,SHARED,J100,SAT,SAT,2634.406055,15.511439,169.83634174753226,True
structured60_auto:SHARED:J100:fdcc4b526eb692b1,structured60_auto,60,SHARED,J100,SAT,SAT,4485.869874,15.393528,291.41272059270625,True
structured80_auto:P0,structured80_auto,80,P0,,SAT,SAT,20146.881376999998,36.75824,548.0915674145442,True
structured80_auto:PF:l_sw01_sw02,structured80_auto,80,PF,,SAT,SAT,13233.182991,36.108768,366.4811546879694,True
structured80_auto:PF:l_sw01_sw17,structured80_auto,80,PF,,SAT,SAT,20959.673769999998,44.003242,476.32112583886425,True
structured80_auto:PF:l_sw01_sw19,structured80_auto,80,PF,,SAT,SAT,13586.254078,34.277614,396.3593871498757,True
structured80_auto:PF:l_sw02_sw03,structured80_auto,80,PF,,SAT,SAT,23004.012379,37.45376,614.1976767886588,True
structured80_auto:PF:l_sw03_sw04,structured80_auto,80,PF,,SAT,SAT,12712.908448,34.052199,373.3359025653527,True
structured80_auto:PF:l_sw03_sw19,structured80_auto,80,PF,,SAT,SAT,18152.64273,33.301127,545.1059578253913,True
structured80_auto:PF:l_sw04_sw05,structured80_auto,80,PF,,SAT,SAT,12129.885640999999,98.186593,123.53912352371773,True
structured80_auto:PF:l_sw05_sw06,structured80_auto,80,PF,,SAT,SAT,13006.24107,32.996096,394.1751493873699,True
structured80_auto:PF:l_sw05_sw21,structured80_auto,80,PF,,SAT,SAT,18377.653857999998,37.072426,495.7229898577449,True
structured80_auto:PF:l_sw05_sw23,structured80_auto,80,PF,,SAT,SAT,19908.991718999998,37.901203,525.2865382399602,True
structured80_auto:PF:l_sw06_sw07,structured80_auto,80,PF,,SAT,SAT,11817.873321000001,33.649141,351.2087669934873,True
structured80_auto:PF:l_sw07_sw08,structured80_auto,80,PF,,SAT,SAT,12327.571962,34.577524999999994,356.51979029731024,True
structured80_auto:PF:l_sw07_sw23,structured80_auto,80,PF,,SAT,SAT,17527.693783,33.525648999999994,522.8144511982454,True
structured80_auto:PF:l_sw08_sw09,structured80_auto,80,PF,,SAT,SAT,18712.503305,34.839777000000005,537.1016957140683,True
structured80_auto:PF:l_sw09_sw10,structured80_auto,80,PF,,SAT,SAT,28005.113894000002,39.128936,715.7136573813302,True
structured80_auto:PF:l_sw09_sw25,structured80_auto,80,PF,,SAT,SAT,18362.182523000003,37.545981,489.0585365980983,True
structured80_auto:PF:l_sw09_sw27,structured80_auto,80,PF,,SAT,SAT,16190.770927,38.905587999999995,416.1554100403264,True
structured80_auto:PF:l_sw10_sw11,structured80_auto,80,PF,,SAT,SAT,12057.457122,33.795438,356.7776550787713,True
structured80_auto:PF:l_sw11_sw12,structured80_auto,80,PF,,SAT,SAT,23224.541893,43.665807,531.8702089486175,True
structured80_auto:PF:l_sw11_sw27,structured80_auto,80,PF,,SAT,SAT,21013.55846,50.896761999999995,412.8663127921576,True
structured80_auto:PF:l_sw12_sw13,structured80_auto,80,PF,,SAT,SAT,11616.94412,94.34465999999999,123.13303286057739,True
structured80_auto:PF:l_sw13_sw14,structured80_auto,80,PF,,SAT,SAT,12537.795601,36.82862,340.4362042617942,True
structured80_auto:PF:l_sw13_sw29,structured80_auto,80,PF,,SAT,SAT,19991.996757,51.325713,389.5123046220517,True
structured80_auto:PF:l_sw13_sw31,structured80_auto,80,PF,,SAT,SAT,22409.695937999997,40.016524,560.0110578819889,True
structured80_auto:PF:l_sw14_sw15,structured80_auto,80,PF,,SAT,SAT,19403.351565,39.133035,495.8304809478744,True
structured80_auto:PF:l_sw15_sw31,structured80_auto,80,PF,,SAT,SAT,13507.507051999999,36.212824999999995,373.00340561665655,True
structured80_auto:PF:l_sw17_sw18,structured80_auto,80,PF,,SAT,SAT,13577.382799,130.18802300000002,104.29056748945331,True
structured80_auto:PF:l_sw17_sw33,structured80_auto,80,PF,,TIMEOUT,SAT,,35.423613,,True
structured80_auto:PF:l_sw18_sw36,structured80_auto,80,PF,,SAT,SAT,12891.662744,122.385063,105.33689674204767,True
structured80_auto:PF:l_sw19_sw20,structured80_auto,80,PF,,SAT,SAT,17250.195257000003,37.933039,454.75384287032745,True
structured80_auto:PF:l_sw19_sw35,structured80_auto,80,PF,,SAT,SAT,16058.134159000001,34.914218,459.9310847804182,True
structured80_auto:PF:l_sw20_sw21,structured80_auto,80,PF,,SAT,SAT,14676.357426999999,36.079292,406.7806382397969,True
structured80_auto:PF:l_sw21_sw22,structured80_auto,80,PF,,SAT,SAT,13648.740738,34.567744999999995,394.84035588667996,True
structured80_auto:PF:l_sw21_sw37,structured80_auto,80,PF,,SAT,SAT,14792.971432,36.58421,404.35399403185147,True
structured80_auto:PF:l_sw22_sw40,structured80_auto,80,PF,,SAT,SAT,13729.461984,34.024723,403.5142911817386,True
structured80_auto:PF:l_sw23_sw24,structured80_auto,80,PF,,SAT,SAT,11885.32458,33.253052999999994,357.42055263316735,True
structured80_auto:PF:l_sw23_sw39,structured80_auto,80,PF,,SAT,SAT,12810.632864000001,33.414359,383.3870601557852,True
structured80_auto:PF:l_sw24_sw25,structured80_auto,80,PF,,SAT,SAT,11340.896974,34.959138,324.4043652907002,True
structured80_auto:PF:l_sw25_sw26,structured80_auto,80,PF,,SAT,SAT,23808.796169,38.436905,619.4254237951781,True
structured80_auto:PF:l_sw25_sw41,structured80_auto,80,PF,,SAT,SAT,13693.59958,33.243664,411.9160745939436,True
structured80_auto:PF:l_sw26_sw44,structured80_auto,80,PF,,SAT,SAT,23695.299119000003,38.115504,621.670885396137,True
structured80_auto:PF:l_sw27_sw28,structured80_auto,80,PF,,SAT,SAT,11796.618601,34.330473,343.61946020959283,True
structured80_auto:PF:l_sw27_sw43,structured80_auto,80,PF,,SAT,SAT,15239.583291,36.395281000000004,418.72415522770655,True
structured80_auto:PF:l_sw28_sw29,structured80_auto,80,PF,,SAT,SAT,12370.137889,34.618128999999996,357.33120900323644,True
structured80_auto:PF:l_sw29_sw30,structured80_auto,80,PF,,SAT,SAT,12255.797358,34.47899,355.4569712743905,True
structured80_auto:PF:l_sw29_sw45,structured80_auto,80,PF,,SAT,SAT,12956.05422,34.573892,374.7351967201147,True
structured80_auto:PF:l_sw30_sw48,structured80_auto,80,PF,,SAT,SAT,12291.534837000001,34.969276,351.49526221246333,True
structured80_auto:PF:l_sw31_sw47,structured80_auto,80,PF,,SAT,SAT,17329.281202000002,42.821641,404.68512642941454,True
structured80_auto:PF:l_sw33_sw34,structured80_auto,80,PF,,SAT,SAT,14338.684701,37.86019,378.7272251142955,True
structured80_auto:PF:l_sw33_sw49,structured80_auto,80,PF,,SAT,SAT,13609.735218999998,35.406251,384.3879211893967,True
structured80_auto:PF:l_sw34_sw35,structured80_auto,80,PF,,SAT,SAT,14767.183187,37.961258,389.0066864222466,True
structured80_auto:PF:l_sw35_sw36,structured80_auto,80,PF,,SAT,SAT,15834.197560999999,37.516897,422.0550958945245,True
structured80_auto:PF:l_sw35_sw51,structured80_auto,80,PF,,SAT,SAT,11706.197591,32.990894,354.83117223194984,True
structured80_auto:PF:l_sw35_sw53,structured80_auto,80,PF,,SAT,SAT,12935.028199999999,34.603277,373.8093418146495,True
structured80_auto:PF:l_sw36_sw37,structured80_auto,80,PF,,SAT,SAT,12250.485732,34.079153,359.4715435562615,True
structured80_auto:PF:l_sw37_sw38,structured80_auto,80,PF,,SAT,SAT,13443.530886,104.216918,128.99566734452844,True
structured80_auto:PF:l_sw37_sw53,structured80_auto,80,PF,,SAT,SAT,13472.853717,33.532667000000004,401.7829454782108,True
structured80_auto:PF:l_sw38_sw39,structured80_auto,80,PF,,SAT,SAT,11753.567714,106.619505,110.23843821071951,True
structured80_auto:PF:l_sw39_sw40,structured80_auto,80,PF,,SAT,SAT,17869.857052,37.365869,478.24010334136744,True
structured80_auto:PF:l_sw39_sw55,structured80_auto,80,PF,,SAT,SAT,12271.97987,33.000546,371.87202508710004,True
structured80_auto:PF:l_sw39_sw57,structured80_auto,80,PF,,SAT,SAT,16259.734807,43.133774,376.9606343048025,True
structured80_auto:PF:l_sw40_sw41,structured80_auto,80,PF,,SAT,SAT,18482.195205,43.484296,425.03149194366625,True
structured80_auto:PF:l_sw41_sw42,structured80_auto,80,PF,,SAT,SAT,15746.472193000001,41.473718,379.6735125845241,True
structured80_auto:PF:l_sw41_sw57,structured80_auto,80,PF,,SAT,SAT,20910.028071,36.099178,579.2383436265502,True
structured80_auto:PF:l_sw42_sw43,structured80_auto,80,PF,,SAT,SAT,12175.7703,34.914421000000004,348.731840633989,True
structured80_auto:PF:l_sw43_sw44,structured80_auto,80,PF,,SAT,SAT,12852.151503,34.433026999999996,373.2507020948231,True
structured80_auto:PF:l_sw43_sw59,structured80_auto,80,PF,,SAT,SAT,24944.857056,33.386770000000006,747.1479587872681,True
structured80_auto:PF:l_sw43_sw61,structured80_auto,80,PF,,SAT,SAT,12286.257582,34.659496999999995,354.4845899523586,True
structured80_auto:PF:l_sw44_sw45,structured80_auto,80,PF,,SAT,SAT,12948.744455,35.87605,360.93004817977453,True
structured80_auto:PF:l_sw45_sw46,structured80_auto,80,PF,,SAT,SAT,21574.541645,40.537336,532.2140962839787,True
structured80_auto:PF:l_sw45_sw61,structured80_auto,80,PF,,SAT,SAT,19177.594344999998,38.89380499999999,493.0758084738688,True
structured80_auto:PF:l_sw46_sw47,structured80_auto,80,PF,,SAT,SAT,12632.402583,35.049149,360.4196661950337,True
structured80_auto:PF:l_sw47_sw49,structured80_auto,80,PF,,SAT,SAT,12210.405638999999,30.88373,395.3669339487166,True
structured80_auto:PF:l_sw47_sw63,structured80_auto,80,PF,,SAT,SAT,11071.91432,30.555086,362.3591280351821,True
structured80_auto:PF:l_sw48_sw64,structured80_auto,80,PF,,SAT,SAT,12275.082588,35.096546,349.75186982787426,True
structured80_auto:PF:l_sw49_sw50,structured80_auto,80,PF,,SAT,SAT,16780.781009,42.509444,394.75418706958385,True
structured80_auto:PF:l_sw49_sw65,structured80_auto,80,PF,,SAT,SAT,18148.035294,33.039621999999994,549.2809601151007,True
structured80_auto:PF:l_sw50_sw51,structured80_auto,80,PF,,SAT,SAT,12568.126661999999,121.706572,103.2658011434255,True
structured80_auto:PF:l_sw51_sw52,structured80_auto,80,PF,,SAT,SAT,19377.760815999998,44.477221,435.678317581937,True
structured80_auto:PF:l_sw51_sw67,structured80_auto,80,PF,,SAT,SAT,16976.40255,36.681102,462.8105924952854,True
structured80_auto:PF:l_sw52_sw70,structured80_auto,80,PF,,SAT,SAT,19320.176749000002,45.973400999999996,420.2468455400984,True
structured80_auto:PF:l_sw53_sw54,structured80_auto,80,PF,,SAT,SAT,12754.194930000001,36.91653,345.4873719171331,True
structured80_auto:PF:l_sw53_sw69,structured80_auto,80,PF,,SAT,SAT,12227.651159000001,33.31747,367.00419206500374,True
structured80_auto:PF:l_sw54_sw55,structured80_auto,80,PF,,SAT,SAT,12723.285867999999,35.798674000000005,355.4122107427777,True
structured80_auto:PF:l_sw55_sw56,structured80_auto,80,PF,,SAT,SAT,11814.050354,35.535669,332.4561120264825,True
structured80_auto:PF:l_sw55_sw71,structured80_auto,80,PF,,SAT,SAT,12664.154697,36.382490000000004,348.0837814289236,True
structured80_auto:PF:l_sw56_sw74,structured80_auto,80,PF,,SAT,SAT,11848.36084,34.146388,346.98723742025066,True
structured80_auto:PF:l_sw57_sw58,structured80_auto,80,PF,,SAT,SAT,13057.841738000001,108.270448,120.60393190577729,True
structured80_auto:PF:l_sw57_sw73,structured80_auto,80,PF,,SAT,SAT,12701.070336,33.230861,382.20707961794915,True
structured80_auto:PF:l_sw58_sw59,structured80_auto,80,PF,,SAT,SAT,12964.101073,110.798562,117.00604086359893,True
structured80_auto:PF:l_sw59_sw75,structured80_auto,80,PF,,SAT,SAT,14327.297018,36.482453,392.717480318552,True
structured80_auto:PF:l_sw61_sw62,structured80_auto,80,PF,,SAT,SAT,16255.652775000002,36.128122999999995,449.9445701898215,True
structured80_auto:PF:l_sw61_sw77,structured80_auto,80,PF,,SAT,SAT,14122.921116000001,36.427938,387.6947719632114,True
structured80_auto:PF:l_sw62_sw63,structured80_auto,80,PF,,SAT,SAT,16333.63242,36.237673,450.73623849964093,True
structured80_auto:PF:l_sw63_sw79,structured80_auto,80,PF,,SAT,SAT,17244.965653000003,35.569755,484.8210411626395,True
structured80_auto:PF:l_sw64_sw66,structured80_auto,80,PF,,SAT,SAT,12339.255512,108.01092700000001,114.24080743238135,True
structured80_auto:PF:l_sw66_sw67,structured80_auto,80,PF,,SAT,SAT,12297.055797,108.16629599999999,113.68657568712533,True
structured80_auto:PF:l_sw70_sw71,structured80_auto,80,PF,,SAT,SAT,19385.70348,44.51604,435.47681869276784,True
structured80_auto:PF:l_sw74_sw75,structured80_auto,80,PF,,SAT,SAT,11806.720765,34.600093,341.23378700167075,True
structured80_auto:SHARED:J020:019ecd4a7308ace2,structured80_auto,80,SHARED,J020,SAT,SAT,12340.666991,35.720269,345.4807966591741,True
structured80_auto:SHARED:J020:02eb4af343ae8064,structured80_auto,80,SHARED,J020,SAT,SAT,12502.280921000001,34.800698999999994,359.2537299609989,True
structured80_auto:SHARED:J020:0939546b4244275c,structured80_auto,80,SHARED,J020,SAT,SAT,11801.701245,34.541553,341.6667816006999,True
structured80_auto:SHARED:J020:0a195387371b7ca7,structured80_auto,80,SHARED,J020,SAT,SAT,12936.135435,33.884091,381.77607996035664,True
structured80_auto:SHARED:J020:22477bcddb3582a6,structured80_auto,80,SHARED,J020,SAT,SAT,11622.341413999999,32.885377,353.4197407558989,True
structured80_auto:SHARED:J020:23840f0eb248d56a,structured80_auto,80,SHARED,J020,SAT,SAT,14020.330622,36.684224,382.1896470264711,True
structured80_auto:SHARED:J020:2e88c1a18b8967c6,structured80_auto,80,SHARED,J020,SAT,SAT,22194.114493,38.124407999999995,582.1497475580475,True
structured80_auto:SHARED:J020:39894b26f2202c59,structured80_auto,80,SHARED,J020,SAT,SAT,11795.701520999999,99.835598,118.1512582415743,True
structured80_auto:SHARED:J020:3c95fa02978ca652,structured80_auto,80,SHARED,J020,SAT,SAT,15510.354919,103.890439,149.29530636596886,True
structured80_auto:SHARED:J020:4a04773169ca5ba8,structured80_auto,80,SHARED,J020,SAT,SAT,16734.094617,33.633715,497.5392880923204,True
structured80_auto:SHARED:J020:543a62fdd594b8af,structured80_auto,80,SHARED,J020,SAT,SAT,13565.370573999999,35.259341,384.73125671860964,True
structured80_auto:SHARED:J020:5b831f5525062dbd,structured80_auto,80,SHARED,J020,SAT,SAT,12295.103333000001,108.418486,113.40412310313945,True
structured80_auto:SHARED:J020:5c7154975550367d,structured80_auto,80,SHARED,J020,SAT,SAT,12723.41337,33.830986,376.0875716126039,True
structured80_auto:SHARED:J020:63a9880482c51beb,structured80_auto,80,SHARED,J020,SAT,SAT,14547.103831999999,36.128177,402.65258421425466,True
structured80_auto:SHARED:J020:7b9509c2892903e2,structured80_auto,80,SHARED,J020,SAT,SAT,14174.622519,33.279267000000004,425.9295290067536,True
structured80_auto:SHARED:J020:8044b5efac541690,structured80_auto,80,SHARED,J020,SAT,SAT,19373.886403,97.782638,198.13217151085655,True
structured80_auto:SHARED:J020:805b592d76675865,structured80_auto,80,SHARED,J020,SAT,SAT,11291.221316,34.308474,329.1088177224088,True
structured80_auto:SHARED:J020:87a7e3b37916adbd,structured80_auto,80,SHARED,J020,SAT,SAT,11943.958705000001,34.157503,349.67306319200213,True
structured80_auto:SHARED:J020:9b1a66547b284a71,structured80_auto,80,SHARED,J020,SAT,SAT,12875.802213,30.59055,420.90783634161534,True
structured80_auto:SHARED:J020:9b8a9cb837e7224e,structured80_auto,80,SHARED,J020,SAT,SAT,23928.359012,37.906186,631.2520867174557,True
structured80_auto:SHARED:J020:ad78d48e5e8884f6,structured80_auto,80,SHARED,J020,SAT,SAT,13810.132499,34.643318,398.6376968568657,True
structured80_auto:SHARED:J020:af9077a7a1be3f5b,structured80_auto,80,SHARED,J020,SAT,SAT,13003.434152,119.155214,109.13021525016941,True
structured80_auto:SHARED:J020:b7747fbd5fad06d5,structured80_auto,80,SHARED,J020,SAT,SAT,19405.270452,39.084473,496.4956404043109,True
structured80_auto:SHARED:J020:ce4eeabcd91ad5fb,structured80_auto,80,SHARED,J020,SAT,SAT,18188.740742,37.713774,482.2837603576879,True
structured80_auto:SHARED:J020:d1fd96457a036197,structured80_auto,80,SHARED,J020,SAT,SAT,20523.280310000002,38.19682,537.3033752547988,True
structured80_auto:SHARED:J020:d9d5c712beb310ed,structured80_auto,80,SHARED,J020,SAT,SAT,12892.169837000001,36.422639,353.9603441969156,True
structured80_auto:SHARED:J020:e6c56c0315355ac8,structured80_auto,80,SHARED,J020,SAT,SAT,19992.340935,51.248968999999995,390.1023049849062,True
structured80_auto:SHARED:J020:f1337c80e95a4761,structured80_auto,80,SHARED,J020,SAT,SAT,11456.725864999999,33.403179,342.9830994528993,True
structured80_auto:SHARED:J020:f6b87efac359fb03,structured80_auto,80,SHARED,J020,SAT,SAT,9888.529143,30.064522999999998,328.9102289432631,True
structured80_auto:SHARED:J040:01209e44e9f0ad8c,structured80_auto,80,SHARED,J040,SAT,SAT,18661.828177,51.092543,365.25541852555665,True
structured80_auto:SHARED:J040:019ecd4a7308ace2,structured80_auto,80,SHARED,J040,SAT,SAT,12327.978751999999,35.361931,348.6228948300363,True
structured80_auto:SHARED:J040:02eb4af343ae8064,structured80_auto,80,SHARED,J040,SAT,SAT,12429.596211,34.580422999999996,359.44025933401684,True
structured80_auto:SHARED:J040:0939546b4244275c,structured80_auto,80,SHARED,J040,SAT,SAT,11887.11398,33.37773,356.1390777623284,True
structured80_auto:SHARED:J040:0a195387371b7ca7,structured80_auto,80,SHARED,J040,SAT,SAT,12936.914715,34.200247000000005,378.2696281404049,True
structured80_auto:SHARED:J040:0b72756323b9a1f0,structured80_auto,80,SHARED,J040,SAT,SAT,12699.588743,105.24140299999999,120.6710323217565,True
structured80_auto:SHARED:J040:0f7d8a18e2b3fa38,structured80_auto,80,SHARED,J040,TIMEOUT,SAT,,43.300848,,True
structured80_auto:SHARED:J040:1361f4bed7ebc73b,structured80_auto,80,SHARED,J040,SAT,SAT,16760.4536,42.091961999999995,398.1865611301275,True
structured80_auto:SHARED:J040:21f0a0ae4c52b284,structured80_auto,80,SHARED,J040,SAT,SAT,18547.803825,43.292882999999996,428.42616475784257,True
structured80_auto:SHARED:J040:39894b26f2202c59,structured80_auto,80,SHARED,J040,SAT,SAT,11799.993834,100.921569,116.92241758548165,True
structured80_auto:SHARED:J040:3c95fa02978ca652,structured80_auto,80,SHARED,J040,SAT,SAT,15693.714098999999,104.96651999999999,149.51161664690798,True
structured80_auto:SHARED:J040:4a04773169ca5ba8,structured80_auto,80,SHARED,J040,SAT,SAT,16944.553014,33.972582,498.7714214362629,True
structured80_auto:SHARED:J040:5331421013021212,structured80_auto,80,SHARED,J040,SAT,SAT,11910.447101000002,33.259345,358.10828809166264,True
structured80_auto:SHARED:J040:5b831f5525062dbd,structured80_auto,80,SHARED,J040,SAT,SAT,12291.589881,108.021848,113.78799852600189,True
structured80_auto:SHARED:J040:8044b5efac541690,structured80_auto,80,SHARED,J040,SAT,SAT,19407.188373,100.061971,193.95168992823457,True
structured80_auto:SHARED:J040:805b592d76675865,structured80_auto,80,SHARED,J040,SAT,SAT,11367.732974999999,35.000796,324.7849841757884,True
structured80_auto:SHARED:J040:87a7e3b37916adbd,structured80_auto,80,SHARED,J040,SAT,SAT,11902.249349,34.892696,341.11005205788626,True
structured80_auto:SHARED:J040:8a88e413455ab3bd,structured80_auto,80,SHARED,J040,SAT,SAT,12237.929971,34.186261,357.9780184501604,True
structured80_auto:SHARED:J040:9b8a9cb837e7224e,structured80_auto,80,SHARED,J040,SAT,SAT,23819.430787,38.220885,623.2045853203033,True
structured80_auto:SHARED:J040:a77a319467a5f3c9,structured80_auto,80,SHARED,J040,SAT,SAT,11488.94966,32.970358,348.4629939414064,True
structured80_auto:SHARED:J040:a9394c8fc8bf3595,structured80_auto,80,SHARED,J040,SAT,SAT,14817.409676000001,40.837041,362.842392914805,True
structured80_auto:SHARED:J040:ad78d48e5e8884f6,structured80_auto,80,SHARED,J040,SAT,SAT,13780.607904,35.261004,390.817229821363,True
structured80_auto:SHARED:J040:b7747fbd5fad06d5,structured80_auto,80,SHARED,J040,SAT,SAT,19531.391329000002,39.215363,498.0545846024682,True
structured80_auto:SHARED:J040:d9d5c712beb310ed,structured80_auto,80,SHARED,J040,SAT,SAT,12989.611015999999,36.257887000000004,358.25615033771817,True
structured80_auto:SHARED:J040:da52195ca1dc7f18,structured80_auto,80,SHARED,J040,SAT,SAT,15155.153483,36.669888,413.2860586593556,True
structured80_auto:SHARED:J040:da83ab3b12a647fc,structured80_auto,80,SHARED,J040,SAT,SAT,14289.594878999998,36.605700999999996,390.3652843309844,True
structured80_auto:SHARED:J040:e6c56c0315355ac8,structured80_auto,80,SHARED,J040,SAT,SAT,19864.513136999998,51.571062,385.187203183832,True
structured80_auto:SHARED:J040:e81051e4039e8d88,structured80_auto,80,SHARED,J040,SAT,SAT,16265.134528,43.54567,373.51898657202884,True
structured80_auto:SHARED:J040:ebc302e07280127e,structured80_auto,80,SHARED,J040,SAT,SAT,15715.879841,37.011491,424.62163550774,True
structured80_auto:SHARED:J040:f1337c80e95a4761,structured80_auto,80,SHARED,J040,SAT,SAT,11448.287027999999,33.392544,342.8396179698078,True
structured80_auto:SHARED:J040:fd4855ae198cffa0,structured80_auto,80,SHARED,J040,SAT,SAT,12562.500268000002,34.365024,365.5606429374239,True
structured80_auto:SHARED:J040:fdcc4b526eb692b1,structured80_auto,80,SHARED,J040,SAT,SAT,23046.670138,35.599188,647.3931410458015,True
structured80_auto:SHARED:J100:01209e44e9f0ad8c,structured80_auto,80,SHARED,J100,SAT,SAT,18550.72559,50.488319,367.42608899298074,True
structured80_auto:SHARED:J100:016066fa60fed66c,structured80_auto,80,SHARED,J100,SAT,SAT,12753.745295,36.323890999999996,351.1117598882785,True
structured80_auto:SHARED:J100:05053e23a7b8c138,structured80_auto,80,SHARED,J100,SAT,SAT,13418.277479,99.265413,135.17575833790164,True
structured80_auto:SHARED:J100:06214862f3cd0a90,structured80_auto,80,SHARED,J100,SAT,SAT,11859.960837999999,33.945203,349.3854739357428,True
structured80_auto:SHARED:J100:0b72756323b9a1f0,structured80_auto,80,SHARED,J100,SAT,SAT,12651.069478,104.129951,121.49308970672615,True
structured80_auto:SHARED:J100:1361f4bed7ebc73b,structured80_auto,80,SHARED,J100,SAT,SAT,16756.566243999998,41.660322,402.2188365226749,True
structured80_auto:SHARED:J100:2d75b06756aacbbb,structured80_auto,80,SHARED,J100,SAT,SAT,14760.567817,35.482966,415.99024774310016,True
structured80_auto:SHARED:J100:376f030e655e287f,structured80_auto,80,SHARED,J100,SAT,SAT,17934.444344,63.085114,284.28963992995244,True
structured80_auto:SHARED:J100:3d24bf3f399b096c,structured80_auto,80,SHARED,J100,SAT,SAT,14722.512334,37.667502999999996,390.8544809567016,True
structured80_auto:SHARED:J100:52f153d18a26e2f0,structured80_auto,80,SHARED,J100,SAT,SAT,19271.066565,44.637564,431.723078907263,True
structured80_auto:SHARED:J100:5331421013021212,structured80_auto,80,SHARED,J100,SAT,SAT,11799.316821999999,32.824132999999996,359.47078395033316,True
structured80_auto:SHARED:J100:59df18671485fc10,structured80_auto,80,SHARED,J100,SAT,SAT,12404.376499,35.291655999999996,351.4818488256828,True
structured80_auto:SHARED:J100:5b831f5525062dbd,structured80_auto,80,SHARED,J100,SAT,SAT,12279.363645,109.143363,112.50673707937696,True
structured80_auto:SHARED:J100:6365c9a903430c0a,structured80_auto,80,SHARED,J100,SAT,SAT,12094.271182,33.457374,361.4829777734499,True
structured80_auto:SHARED:J100:721a411ac05ba632,structured80_auto,80,SHARED,J100,SAT,SAT,13049.738804,110.44621000000001,118.15469995756305,True
structured80_auto:SHARED:J100:7aba9fb12e621338,structured80_auto,80,SHARED,J100,SAT,SAT,12855.486292,106.558633,120.64237246737201,True
structured80_auto:SHARED:J100:87a7e3b37916adbd,structured80_auto,80,SHARED,J100,SAT,SAT,11857.727807,35.005759,338.7364863878541,True
structured80_auto:SHARED:J100:9b8a9cb837e7224e,structured80_auto,80,SHARED,J100,SAT,SAT,23863.084642,39.046173,611.1504101054923,True
structured80_auto:SHARED:J100:a35f6d9fe1e55f47,structured80_auto,80,SHARED,J100,SAT,SAT,16287.150818,35.035967,464.869453096585,True
structured80_auto:SHARED:J100:ad78d48e5e8884f6,structured80_auto,80,SHARED,J100,SAT,SAT,13671.939468999999,34.181772,399.9774929456553,True
structured80_auto:SHARED:J100:b0eb4f80d7ba8f52,structured80_auto,80,SHARED,J100,SAT,SAT,12933.220569,123.273847,104.91455311685047,True
structured80_auto:SHARED:J100:b7747fbd5fad06d5,structured80_auto,80,SHARED,J100,SAT,SAT,19414.001935,39.158599,495.77876713617866,True
structured80_auto:SHARED:J100:f1337c80e95a4761,structured80_auto,80,SHARED,J100,SAT,SAT,11443.175754,33.202828,344.6446114168348,True
structured80_auto:SHARED:J100:fdcc4b526eb692b1,structured80_auto,80,SHARED,J100,SAT,SAT,23003.723778,35.852582,641.6197242921027,True
