0 595
1 598
2 601
3 604
4 610
5 613
6 616
7 619
8 625
9 628
10 631
11 634
12 640
13 643
14 646
15 649
16 655
17 658
18 661
19 664
20 670
21 673
22 676
23 679
24 685
25 688
26 691
27 694
28 700
29 703
30 706
31 709
32 715
33 718
34 721
35 724
36 730
37 733
38 736
39 739
40 745
41 748
42 751
43 754
44 760
45 763
46 766
47 769
48 775
49 778
50 781
51 784
52 790
53 793
54 796
55 799
56 805
57 808
58 811
59 814
60 820
61 823
62 826
63 829
64 595
65 598
66 601
67 604
68 610
69 613
70 616
71 619
72 625
73 628
74 631
75 634
76 640
77 643
78 646
79 649
80 655
81 658
82 661
83 664
84 670
85 673
86 676
87 679
88 685
89 688
90 691
91 694
92 700
93 703
94 706
95 709
96 715
97 718
98 721
99 724
100 730
101 733
102 736
103 739
104 745
105 748
106 751
107 754
108 760
109 763
110 766
111 769
112 775
113 778
114 781
115 784
116 790
117 793
118 796
119 799
120 805
121 808
122 811
123 814
124 820
125 823
126 826
127 829
128 595
129 598
130 601
131 604
132 610
133 613
134 616
135 619
136 625
137 628
138 631
139 634
140 640
141 643
142 646
143 649
144 655
145 658
146 661
147 664
148 670
149 673
150 676
151 679
152 685
153 688
154 691
155 694
156 700
157 703
158 706
159 709
160 715
161 718
162 721
163 724
164 730
165 733
166 736
167 739
168 745
169 748
170 751
171 754
172 760
173 763
174 766
175 769
176 775
177 778
178 781
179 784
180 790
181 793
182 796
183 799
184 805
185 808
186 811
187 814
188 820
189 823
190 826
191 829
192 595
193 598
194 601
195 604
196 610
197 613
198 616
199 619
200 625
201 628
202 631
203 634
204 640
205 643
206 646
207 649
208 655
209 658
210 661
211 664
212 670
213 673
214 676
215 679
216 685
217 688
218 691
219 694
220 700
221 703
222 706
223 709
224 715
225 718
226 721
227 724
228 730
229 733
230 736
231 739
232 745
233 748
234 751
235 754
236 760
237 763
238 766
239 769
240 775
241 778
242 781
243 784
244 790
245 793
246 796
247 799
248 805
249 808
250 811
251 814
252 820
253 823
254 826
255 829
256 592
257 607
258 622
259 637
260 652
261 667
262 682
263 697
264 712
265 727
266 742
267 757
268 772
269 787
270 802
271 817
272 596
273 599
274 602
275 605
276 611
277 614
278 617
279 620
280 626
281 629
282 632
283 635
284 641
285 644
286 647
287 650
288 656
289 659
290 662
291 665
292 671
293 674
294 677
295 680
296 686
297 689
298 692
299 695
300 701
301 704
302 707
303 710
304 716
305 719
306 722
307 725
308 731
309 734
310 737
311 740
312 746
313 749
314 752
315 755
316 761
317 764
318 767
319 770
320 776
321 779
322 782
323 785
324 791
325 794
326 797
327 800
328 806
329 809
330 812
331 815
332 821
333 824
334 827
335 830
336 597
337 600
338 603
339 606
340 612
341 615
342 618
343 621
344 627
345 630
346 633
347 636
348 642
349 645
350 648
351 651
352 657
353 660
354 663
355 666
356 672
357 675
358 678
359 681
360 687
361 690
362 693
363 696
364 702
365 705
366 708
367 711
368 717
369 720
370 723
371 726
372 732
373 735
374 738
375 741
376 747
377 750
378 753
379 756
380 762
381 765
382 768
383 771
384 777
385 780
386 783
387 786
388 792
389 795
390 798
391 801
392 807
393 810
394 813
395 816
396 822
397 825
398 828
399 831
400 597
401 600
402 603
403 606
404 612
405 615
406 618
407 621
408 627
409 630
410 633
411 636
412 642
413 645
414 648
415 651
416 657
417 660
418 663
419 666
420 672
421 675
422 678
423 681
424 687
425 690
426 693
427 696
428 702
429 705
430 708
431 711
432 717
433 720
434 723
435 726
436 732
437 735
438 738
439 741
440 747
441 750
442 753
443 756
444 762
445 765
446 768
447 771
448 777
449 780
450 783
451 786
452 792
453 795
454 798
455 801
456 807
457 810
458 813
459 816
460 822
461 825
462 828
463 831
464 597
465 600
466 603
467 606
468 612
469 615
470 618
471 621
472 627
473 630
474 633
475 636
476 642
477 645
478 648
479 651
480 657
481 660
482 663
483 666
484 672
485 675
486 678
487 681
488 687
489 690
490 693
491 696
492 702
493 705
494 708
495 711
496 717
497 720
498 723
499 726
500 732
501 735
502 738
503 741
504 747
505 750
506 753
507 756
508 762
509 765
510 768
511 771
512 777
513 780
514 783
515 786
516 792
517 795
518 798
519 801
520 807
521 810
522 813
523 816
524 822
525 825
526 828
527 831
528 597
529 600
530 603
531 606
532 612
533 615
534 618
535 621
536 627
537 630
538 633
539 636
540 642
541 645
542 648
543 651
544 657
545 660
546 663
547 666
548 672
549 675
550 678
551 681
552 687
553 690
554 693
555 696
556 702
557 705
558 708
559 711
560 717
561 720
562 723
563 726
564 732
565 735
566 738
567 741
568 747
569 750
570 753
571 756
572 762
573 765
574 768
575 771
576 777
577 780
578 783
579 786
580 792
581 795
582 798
583 801
584 807
585 810
586 813
587 816
588 822
589 825
590 828
591 831
592 593
592 594
593 594
593 595
593 596
593 597
593 598
593 599
593 600
593 601
593 602
593 603
593 604
593 605
593 606
593 832
593 833
594 595
594 596
594 597
594 598
594 599
594 600
594 601
594 602
594 603
594 604
594 605
594 606
594 832
594 833
607 608
607 609
608 609
608 610
608 611
608 612
608 613
608 614
608 615
608 616
608 617
608 618
608 619
608 620
608 621
608 832
608 833
609 610
609 611
609 612
609 613
609 614
609 615
609 616
609 617
609 618
609 619
609 620
609 621
609 832
609 833
622 623
622 624
623 624
623 625
623 626
623 627
623 628
623 629
623 630
623 631
623 632
623 633
623 634
623 635
623 636
623 832
623 833
624 625
624 626
624 627
624 628
624 629
624 630
624 631
624 632
624 633
624 634
624 635
624 636
624 832
624 833
637 638
637 639
638 639
638 640
638 641
638 642
638 643
638 644
638 645
638 646
638 647
638 648
638 649
638 650
638 651
638 832
638 833
639 640
639 641
639 642
639 643
639 644
639 645
639 646
639 647
639 648
639 649
639 650
639 651
639 832
639 833
652 653
652 654
653 654
653 655
653 656
653 657
653 658
653 659
653 660
653 661
653 662
653 663
653 664
653 665
653 666
653 832
653 833
654 655
654 656
654 657
654 658
654 659
654 660
654 661
654 662
654 663
654 664
654 665
654 666
654 832
654 833
667 668
667 669
668 669
668 670
668 671
668 672
668 673
668 674
668 675
668 676
668 677
668 678
668 679
668 680
668 681
668 832
668 833
669 670
669 671
669 672
669 673
669 674
669 675
669 676
669 677
669 678
669 679
669 680
669 681
669 832
669 833
682 683
682 684
683 684
683 685
683 686
683 687
683 688
683 689
683 690
683 691
683 692
683 693
683 694
683 695
683 696
683 832
683 833
684 685
684 686
684 687
684 688
684 689
684 690
684 691
684 692
684 693
684 694
684 695
684 696
684 832
684 833
697 698
697 699
698 699
698 700
698 701
698 702
698 703
698 704
698 705
698 706
698 707
698 708
698 709
698 710
698 711
698 832
698 833
699 700
699 701
699 702
699 703
699 704
699 705
699 706
699 707
699 708
699 709
699 710
699 711
699 832
699 833
712 713
712 714
713 714
713 715
713 716
713 717
713 718
713 719
713 720
713 721
713 722
713 723
713 724
713 725
713 726
713 832
713 833
714 715
714 716
714 717
714 718
714 719
714 720
714 721
714 722
714 723
714 724
714 725
714 726
714 832
714 833
727 728
727 729
728 729
728 730
728 731
728 732
728 733
728 734
728 735
728 736
728 737
728 738
728 739
728 740
728 741
728 832
728 833
729 730
729 731
729 732
729 733
729 734
729 735
729 736
729 737
729 738
729 739
729 740
729 741
729 832
729 833
742 743
742 744
743 744
743 745
743 746
743 747
743 748
743 749
743 750
743 751
743 752
743 753
743 754
743 755
743 756
743 832
743 833
744 745
744 746
744 747
744 748
744 749
744 750
744 751
744 752
744 753
744 754
744 755
744 756
744 832
744 833
757 758
757 759
758 759
758 760
758 761
758 762
758 763
758 764
758 765
758 766
758 767
758 768
758 769
758 770
758 771
758 832
758 833
759 760
759 761
759 762
759 763
759 764
759 765
759 766
759 767
759 768
759 769
759 770
759 771
759 832
759 833
772 773
772 774
773 774
773 775
773 776
773 777
773 778
773 779
773 780
773 781
773 782
773 783
773 784
773 785
773 786
773 832
773 833
774 775
774 776
774 777
774 778
774 779
774 780
774 781
774 782
774 783
774 784
774 785
774 786
774 832
774 833
787 788
787 789
788 789
788 790
788 791
788 792
788 793
788 794
788 795
788 796
788 797
788 798
788 799
788 800
788 801
788 832
788 833
789 790
789 791
789 792
789 793
789 794
789 795
789 796
789 797
789 798
789 799
789 800
789 801
789 832
789 833
802 803
802 804
803 804
803 805
803 806
803 807
803 808
803 809
803 810
803 811
803 812
803 813
803 814
803 815
803 816
803 832
803 833
804 805
804 806
804 807
804 808
804 809
804 810
804 811
804 812
804 813
804 814
804 815
804 816
804 832
804 833
817 818
817 819
818 819
818 820
818 821
818 822
818 823
818 824
818 825
818 826
818 827
818 828
818 829
818 830
818 831
818 832
818 833
819 820
819 821
819 822
819 823
819 824
819 825
819 826
819 827
819 828
819 829
819 830
819 831
819 832
819 833
832 833
