0 50
1 52
2 54
3 56
4 58
5 60
6 62
7 64
8 66
9 68
10 70
11 72
12 74
13 76
14 78
15 80
16 82
17 84
18 86
19 88
20 90
21 92
22 94
23 96
24 98
25 100
26 102
27 104
28 106
29 108
30 110
31 112
32 114
33 116
34 118
35 120
36 122
37 124
38 126
39 128
40 130
41 132
42 134
43 136
44 138
45 140
46 142
47 144
48 146
49 148
50 51
50 148
50 149
51 52
51 53
51 149
52 53
52 54
53 54
53 55
54 55
54 56
55 56
55 57
56 57
56 58
57 58
57 59
58 59
58 60
59 60
59 61
60 61
60 62
61 62
61 63
62 63
62 64
63 64
63 65
64 65
64 66
65 66
65 67
66 67
66 68
67 68
67 69
68 69
68 70
69 70
69 71
70 71
70 72
71 72
71 73
72 73
72 74
73 74
73 75
74 75
74 76
75 76
75 77
76 77
76 78
77 78
77 79
78 79
78 80
79 80
79 81
80 81
80 82
81 82
81 83
82 83
82 84
83 84
83 85
84 85
84 86
85 86
85 87
86 87
86 88
87 88
87 89
88 89
88 90
89 90
89 91
90 91
90 92
91 92
91 93
92 93
92 94
93 94
93 95
94 95
94 96
95 96
95 97
96 97
96 98
97 98
97 99
98 99
98 100
99 100
99 101
100 101
100 102
101 102
101 103
102 103
102 104
103 104
103 105
104 105
104 106
105 106
105 107
106 107
106 108
107 108
107 109
108 109
108 110
109 110
109 111
110 111
110 112
111 112
111 113
112 113
112 114
113 114
113 115
114 115
114 116
115 116
115 117
116 117
116 118
117 118
117 119
118 119
118 120
119 120
119 121
120 121
120 122
121 122
121 123
122 123
122 124
123 124
123 125
124 125
124 126
125 126
125 127
126 127
126 128
127 128
127 129
128 129
128 130
129 130
129 131
130 131
130 132
131 132
131 133
132 133
132 134
133 134
133 135
134 135
134 136
135 136
135 137
136 137
136 138
137 138
137 139
138 139
138 140
139 140
139 141
140 141
140 142
141 142
141 143
142 143
142 144
143 144
143 145
144 145
144 146
145 146
145 147
146 147
146 148
147 148
147 149
148 149
