0 225
1 228
2 231
3 235
4 238
5 241
6 245
7 248
8 251
9 255
10 258
11 261
12 265
13 268
14 271
15 275
16 278
17 281
18 285
19 288
20 291
21 295
22 298
23 301
24 225
25 228
26 231
27 235
28 238
29 241
30 245
31 248
32 251
33 255
34 258
35 261
36 265
37 268
38 271
39 275
40 278
41 281
42 285
43 288
44 291
45 295
46 298
47 301
48 225
49 228
50 231
51 235
52 238
53 241
54 245
55 248
56 251
57 255
58 258
59 261
60 265
61 268
62 271
63 275
64 278
65 281
66 285
67 288
68 291
69 295
70 298
71 301
72 225
73 228
74 231
75 235
76 238
77 241
78 245
79 248
80 251
81 255
82 258
83 261
84 265
85 268
86 271
87 275
88 278
89 281
90 285
91 288
92 291
93 295
94 298
95 301
96 224
97 234
98 244
99 254
100 264
101 274
102 284
103 294
104 226
105 229
106 232
107 236
108 239
109 242
110 246
111 249
112 252
113 256
114 259
115 262
116 266
117 269
118 272
119 276
120 279
121 282
122 286
123 289
124 292
125 296
126 299
127 302
128 227
129 230
130 233
131 237
132 240
133 243
134 247
135 250
136 253
137 257
138 260
139 263
140 267
141 270
142 273
143 277
144 280
145 283
146 287
147 290
148 293
149 297
150 300
151 303
152 227
153 230
154 233
155 237
156 240
157 243
158 247
159 250
160 253
161 257
162 260
163 263
164 267
165 270
166 273
167 277
168 280
169 283
170 287
171 290
172 293
173 297
174 300
175 303
176 227
177 230
178 233
179 237
180 240
181 243
182 247
183 250
184 253
185 257
186 260
187 263
188 267
189 270
190 273
191 277
192 280
193 283
194 287
195 290
196 293
197 297
198 300
199 303
200 227
201 230
202 233
203 237
204 240
205 243
206 247
207 250
208 253
209 257
210 260
211 263
212 267
213 270
214 273
215 277
216 280
217 283
218 287
219 290
220 293
221 297
222 300
223 303
224 225
224 303
225 226
226 227
227 228
228 229
229 230
230 231
231 232
232 233
233 234
234 235
235 236
236 237
237 238
238 239
239 240
240 241
241 242
242 243
243 244
244 245
245 246
246 247
247 248
248 249
249 250
250 251
251 252
252 253
253 254
254 255
255 256
256 257
257 258
258 259
259 260
260 261
261 262
262 263
263 264
264 265
265 266
266 267
267 268
268 269
269 270
270 271
271 272
272 273
273 274
274 275
275 276
276 277
277 278
278 279
279 280
280 281
281 282
282 283
283 284
284 285
285 286
286 287
287 288
288 289
289 290
290 291
291 292
292 293
293 294
294 295
295 296
296 297
297 298
298 299
299 300
300 301
301 302
302 303
