0 241
1 244
2 247
3 251
4 254
5 257
6 261
7 264
8 267
9 271
10 274
11 277
12 281
13 284
14 287
15 291
16 294
17 297
18 301
19 304
20 307
21 311
22 314
23 317
24 241
25 244
26 247
27 251
28 254
29 257
30 261
31 264
32 267
33 271
34 274
35 277
36 281
37 284
38 287
39 291
40 294
41 297
42 301
43 304
44 307
45 311
46 314
47 317
48 241
49 244
50 247
51 251
52 254
53 257
54 261
55 264
56 267
57 271
58 274
59 277
60 281
61 284
62 287
63 291
64 294
65 297
66 301
67 304
68 307
69 311
70 314
71 317
72 241
73 244
74 247
75 251
76 254
77 257
78 261
79 264
80 267
81 271
82 274
83 277
84 281
85 284
86 287
87 291
88 294
89 297
90 301
91 304
92 307
93 311
94 314
95 317
96 240
97 250
98 260
99 270
100 280
101 290
102 300
103 310
104 242
105 245
106 248
107 252
108 255
109 258
110 262
111 265
112 268
113 272
114 275
115 278
116 282
117 285
118 288
119 292
120 295
121 298
122 302
123 305
124 308
125 312
126 315
127 318
128 243
129 246
130 249
131 253
132 256
133 259
134 263
135 266
136 269
137 273
138 276
139 279
140 283
141 286
142 289
143 293
144 296
145 299
146 303
147 306
148 309
149 313
150 316
151 319
152 243
153 246
154 249
155 253
156 256
157 259
158 263
159 266
160 269
161 273
162 276
163 279
164 283
165 286
166 289
167 293
168 296
169 299
170 303
171 306
172 309
173 313
174 316
175 319
176 243
177 246
178 249
179 253
180 256
181 259
182 263
183 266
184 269
185 273
186 276
187 279
188 283
189 286
190 289
191 293
192 296
193 299
194 303
195 306
196 309
197 313
198 316
199 319
200 243
201 246
202 249
203 253
204 256
205 259
206 263
207 266
208 269
209 273
210 276
211 279
212 283
213 286
214 289
215 293
216 296
217 299
218 303
219 306
220 309
221 313
222 316
223 319
224 225
224 239
224 240
225 226
225 241
226 227
226 250
227 228
227 251
228 229
228 260
229 230
229 261
230 231
230 270
231 232
231 271
232 233
232 280
233 234
233 281
234 235
234 290
235 236
235 291
236 237
236 300
237 238
237 301
238 239
238 310
239 311
240 241
240 249
241 242
242 243
243 244
244 245
245 246
246 247
247 248
248 249
250 251
250 259
251 252
252 253
253 254
254 255
255 256
256 257
257 258
258 259
260 261
260 269
261 262
262 263
263 264
264 265
265 266
266 267
267 268
268 269
270 271
270 279
271 272
272 273
273 274
274 275
275 276
276 277
277 278
278 279
280 281
280 289
281 282
282 283
283 284
284 285
285 286
286 287
287 288
288 289
290 291
290 299
291 292
292 293
293 294
294 295
295 296
296 297
297 298
298 299
300 301
300 309
301 302
302 303
303 304
304 305
305 306
306 307
307 308
308 309
310 311
310 319
311 312
312 313
313 314
314 315
315 316
316 317
317 318
318 319
