0 625
1 628
2 631
3 634
4 638
5 641
6 644
7 647
8 651
9 654
10 657
11 660
12 664
13 667
14 670
15 673
16 677
17 680
18 683
19 686
20 690
21 693
22 696
23 699
24 703
25 706
26 709
27 712
28 716
29 719
30 722
31 725
32 729
33 732
34 735
35 738
36 742
37 745
38 748
39 751
40 755
41 758
42 761
43 764
44 768
45 771
46 774
47 777
48 781
49 784
50 787
51 790
52 794
53 797
54 800
55 803
56 807
57 810
58 813
59 816
60 820
61 823
62 826
63 829
64 625
65 628
66 631
67 634
68 638
69 641
70 644
71 647
72 651
73 654
74 657
75 660
76 664
77 667
78 670
79 673
80 677
81 680
82 683
83 686
84 690
85 693
86 696
87 699
88 703
89 706
90 709
91 712
92 716
93 719
94 722
95 725
96 729
97 732
98 735
99 738
100 742
101 745
102 748
103 751
104 755
105 758
106 761
107 764
108 768
109 771
110 774
111 777
112 781
113 784
114 787
115 790
116 794
117 797
118 800
119 803
120 807
121 810
122 813
123 816
124 820
125 823
126 826
127 829
128 625
129 628
130 631
131 634
132 638
133 641
134 644
135 647
136 651
137 654
138 657
139 660
140 664
141 667
142 670
143 673
144 677
145 680
146 683
147 686
148 690
149 693
150 696
151 699
152 703
153 706
154 709
155 712
156 716
157 719
158 722
159 725
160 729
161 732
162 735
163 738
164 742
165 745
166 748
167 751
168 755
169 758
170 761
171 764
172 768
173 771
174 774
175 777
176 781
177 784
178 787
179 790
180 794
181 797
182 800
183 803
184 807
185 810
186 813
187 816
188 820
189 823
190 826
191 829
192 625
193 628
194 631
195 634
196 638
197 641
198 644
199 647
200 651
201 654
202 657
203 660
204 664
205 667
206 670
207 673
208 677
209 680
210 683
211 686
212 690
213 693
214 696
215 699
216 703
217 706
218 709
219 712
220 716
221 719
222 722
223 725
224 729
225 732
226 735
227 738
228 742
229 745
230 748
231 751
232 755
233 758
234 761
235 764
236 768
237 771
238 774
239 777
240 781
241 784
242 787
243 790
244 794
245 797
246 800
247 803
248 807
249 810
250 813
251 816
252 820
253 823
254 826
255 829
256 624
257 637
258 650
259 663
260 676
261 689
262 702
263 715
264 728
265 741
266 754
267 767
268 780
269 793
270 806
271 819
272 626
273 629
274 632
275 635
276 639
277 642
278 645
279 648
280 652
281 655
282 658
283 661
284 665
285 668
286 671
287 674
288 678
289 681
290 684
291 687
292 691
293 694
294 697
295 700
296 704
297 707
298 710
299 713
300 717
301 720
302 723
303 726
304 730
305 733
306 736
307 739
308 743
309 746
310 749
311 752
312 756
313 759
314 762
315 765
316 769
317 772
318 775
319 778
320 782
321 785
322 788
323 791
324 795
325 798
326 801
327 804
328 808
329 811
330 814
331 817
332 821
333 824
334 827
335 830
336 627
337 630
338 633
339 636
340 640
341 643
342 646
343 649
344 653
345 656
346 659
347 662
348 666
349 669
350 672
351 675
352 679
353 682
354 685
355 688
356 692
357 695
358 698
359 701
360 705
361 708
362 711
363 714
364 718
365 721
366 724
367 727
368 731
369 734
370 737
371 740
372 744
373 747
374 750
375 753
376 757
377 760
378 763
379 766
380 770
381 773
382 776
383 779
384 783
385 786
386 789
387 792
388 796
389 799
390 802
391 805
392 809
393 812
394 815
395 818
396 822
397 825
398 828
399 831
400 627
401 630
402 633
403 636
404 640
405 643
406 646
407 649
408 653
409 656
410 659
411 662
412 666
413 669
414 672
415 675
416 679
417 682
418 685
419 688
420 692
421 695
422 698
423 701
424 705
425 708
426 711
427 714
428 718
429 721
430 724
431 727
432 731
433 734
434 737
435 740
436 744
437 747
438 750
439 753
440 757
441 760
442 763
443 766
444 770
445 773
446 776
447 779
448 783
449 786
450 789
451 792
452 796
453 799
454 802
455 805
456 809
457 812
458 815
459 818
460 822
461 825
462 828
463 831
464 627
465 630
466 633
467 636
468 640
469 643
470 646
471 649
472 653
473 656
474 659
475 662
476 666
477 669
478 672
479 675
480 679
481 682
482 685
483 688
484 692
485 695
486 698
487 701
488 705
489 708
490 711
491 714
492 718
493 721
494 724
495 727
496 731
497 734
498 737
499 740
500 744
501 747
502 750
503 753
504 757
505 760
506 763
507 766
508 770
509 773
510 776
511 779
512 783
513 786
514 789
515 792
516 796
517 799
518 802
519 805
520 809
521 812
522 815
523 818
524 822
525 825
526 828
527 831
528 627
529 630
530 633
531 636
532 640
533 643
534 646
535 649
536 653
537 656
538 659
539 662
540 666
541 669
542 672
543 675
544 679
545 682
546 685
547 688
548 692
549 695
550 698
551 701
552 705
553 708
554 711
555 714
556 718
557 721
558 724
559 727
560 731
561 734
562 737
563 740
564 744
565 747
566 750
567 753
568 757
569 760
570 763
571 766
572 770
573 773
574 776
575 779
576 783
577 786
578 789
579 792
580 796
581 799
582 802
583 805
584 809
585 812
586 815
587 818
588 822
589 825
590 828
591 831
592 593
592 623
592 624
593 594
593 625
594 595
594 637
595 596
595 638
596 597
596 650
597 598
597 651
598 599
598 663
599 600
599 664
600 601
600 676
601 602
601 677
602 603
602 689
603 604
603 690
604 605
604 702
605 606
605 703
606 607
606 715
607 608
607 716
608 609
608 728
609 610
609 729
610 611
610 741
611 612
611 742
612 613
612 754
613 614
613 755
614 615
614 767
615 616
615 768
616 617
616 780
617 618
617 781
618 619
618 793
619 620
619 794
620 621
620 806
621 622
621 807
622 623
622 819
623 820
624 625
624 636
625 626
626 627
627 628
628 629
629 630
630 631
631 632
632 633
633 634
634 635
635 636
637 638
637 649
638 639
639 640
640 641
641 642
642 643
643 644
644 645
645 646
646 647
647 648
648 649
650 651
650 662
651 652
652 653
653 654
654 655
655 656
656 657
657 658
658 659
659 660
660 661
661 662
663 664
663 675
664 665
665 666
666 667
667 668
668 669
669 670
670 671
671 672
672 673
673 674
674 675
676 677
676 688
677 678
678 679
679 680
680 681
681 682
682 683
683 684
684 685
685 686
686 687
687 688
689 690
689 701
690 691
691 692
692 693
693 694
694 695
695 696
696 697
697 698
698 699
699 700
700 701
702 703
702 714
703 704
704 705
705 706
706 707
707 708
708 709
709 710
710 711
711 712
712 713
713 714
715 716
715 727
716 717
717 718
718 719
719 720
720 721
721 722
722 723
723 724
724 725
725 726
726 727
728 729
728 740
729 730
730 731
731 732
732 733
733 734
734 735
735 736
736 737
737 738
738 739
739 740
741 742
741 753
742 743
743 744
744 745
745 746
746 747
747 748
748 749
749 750
750 751
751 752
752 753
754 755
754 766
755 756
756 757
757 758
758 759
759 760
760 761
761 762
762 763
763 764
764 765
765 766
767 768
767 779
768 769
769 770
770 771
771 772
772 773
773 774
774 775
775 776
776 777
777 778
778 779
780 781
780 792
781 782
782 783
783 784
784 785
785 786
786 787
787 788
788 789
789 790
790 791
791 792
793 794
793 805
794 795
795 796
796 797
797 798
798 799
799 800
800 801
801 802
802 803
803 804
804 805
806 807
806 818
807 808
808 809
809 810
810 811
811 812
812 813
813 814
814 815
815 816
816 817
817 818
819 820
819 831
820 821
821 822
822 823
823 824
824 825
825 826
826 827
827 828
828 829
829 830
830 831
