0 593
1 596
2 599
3 602
4 606
5 609
6 612
7 615
8 619
9 622
10 625
11 628
12 632
13 635
14 638
15 641
16 645
17 648
18 651
19 654
20 658
21 661
22 664
23 667
24 671
25 674
26 677
27 680
28 684
29 687
30 690
31 693
32 697
33 700
34 703
35 706
36 710
37 713
38 716
39 719
40 723
41 726
42 729
43 732
44 736
45 739
46 742
47 745
48 749
49 752
50 755
51 758
52 762
53 765
54 768
55 771
56 775
57 778
58 781
59 784
60 788
61 791
62 794
63 797
64 593
65 596
66 599
67 602
68 606
69 609
70 612
71 615
72 619
73 622
74 625
75 628
76 632
77 635
78 638
79 641
80 645
81 648
82 651
83 654
84 658
85 661
86 664
87 667
88 671
89 674
90 677
91 680
92 684
93 687
94 690
95 693
96 697
97 700
98 703
99 706
100 710
101 713
102 716
103 719
104 723
105 726
106 729
107 732
108 736
109 739
110 742
111 745
112 749
113 752
114 755
115 758
116 762
117 765
118 768
119 771
120 775
121 778
122 781
123 784
124 788
125 791
126 794
127 797
128 593
129 596
130 599
131 602
132 606
133 609
134 612
135 615
136 619
137 622
138 625
139 628
140 632
141 635
142 638
143 641
144 645
145 648
146 651
147 654
148 658
149 661
150 664
151 667
152 671
153 674
154 677
155 680
156 684
157 687
158 690
159 693
160 697
161 700
162 703
163 706
164 710
165 713
166 716
167 719
168 723
169 726
170 729
171 732
172 736
173 739
174 742
175 745
176 749
177 752
178 755
179 758
180 762
181 765
182 768
183 771
184 775
185 778
186 781
187 784
188 788
189 791
190 794
191 797
192 593
193 596
194 599
195 602
196 606
197 609
198 612
199 615
200 619
201 622
202 625
203 628
204 632
205 635
206 638
207 641
208 645
209 648
210 651
211 654
212 658
213 661
214 664
215 667
216 671
217 674
218 677
219 680
220 684
221 687
222 690
223 693
224 697
225 700
226 703
227 706
228 710
229 713
230 716
231 719
232 723
233 726
234 729
235 732
236 736
237 739
238 742
239 745
240 749
241 752
242 755
243 758
244 762
245 765
246 768
247 771
248 775
249 778
250 781
251 784
252 788
253 791
254 794
255 797
256 592
257 605
258 618
259 631
260 644
261 657
262 670
263 683
264 696
265 709
266 722
267 735
268 748
269 761
270 774
271 787
272 594
273 597
274 600
275 603
276 607
277 610
278 613
279 616
280 620
281 623
282 626
283 629
284 633
285 636
286 639
287 642
288 646
289 649
290 652
291 655
292 659
293 662
294 665
295 668
296 672
297 675
298 678
299 681
300 685
301 688
302 691
303 694
304 698
305 701
306 704
307 707
308 711
309 714
310 717
311 720
312 724
313 727
314 730
315 733
316 737
317 740
318 743
319 746
320 750
321 753
322 756
323 759
324 763
325 766
326 769
327 772
328 776
329 779
330 782
331 785
332 789
333 792
334 795
335 798
336 595
337 598
338 601
339 604
340 608
341 611
342 614
343 617
344 621
345 624
346 627
347 630
348 634
349 637
350 640
351 643
352 647
353 650
354 653
355 656
356 660
357 663
358 666
359 669
360 673
361 676
362 679
363 682
364 686
365 689
366 692
367 695
368 699
369 702
370 705
371 708
372 712
373 715
374 718
375 721
376 725
377 728
378 731
379 734
380 738
381 741
382 744
383 747
384 751
385 754
386 757
387 760
388 764
389 767
390 770
391 773
392 777
393 780
394 783
395 786
396 790
397 793
398 796
399 799
400 595
401 598
402 601
403 604
404 608
405 611
406 614
407 617
408 621
409 624
410 627
411 630
412 634
413 637
414 640
415 643
416 647
417 650
418 653
419 656
420 660
421 663
422 666
423 669
424 673
425 676
426 679
427 682
428 686
429 689
430 692
431 695
432 699
433 702
434 705
435 708
436 712
437 715
438 718
439 721
440 725
441 728
442 731
443 734
444 738
445 741
446 744
447 747
448 751
449 754
450 757
451 760
452 764
453 767
454 770
455 773
456 777
457 780
458 783
459 786
460 790
461 793
462 796
463 799
464 595
465 598
466 601
467 604
468 608
469 611
470 614
471 617
472 621
473 624
474 627
475 630
476 634
477 637
478 640
479 643
480 647
481 650
482 653
483 656
484 660
485 663
486 666
487 669
488 673
489 676
490 679
491 682
492 686
493 689
494 692
495 695
496 699
497 702
498 705
499 708
500 712
501 715
502 718
503 721
504 725
505 728
506 731
507 734
508 738
509 741
510 744
511 747
512 751
513 754
514 757
515 760
516 764
517 767
518 770
519 773
520 777
521 780
522 783
523 786
524 790
525 793
526 796
527 799
528 595
529 598
530 601
531 604
532 608
533 611
534 614
535 617
536 621
537 624
538 627
539 630
540 634
541 637
542 640
543 643
544 647
545 650
546 653
547 656
548 660
549 663
550 666
551 669
552 673
553 676
554 679
555 682
556 686
557 689
558 692
559 695
560 699
561 702
562 705
563 708
564 712
565 715
566 718
567 721
568 725
569 728
570 731
571 734
572 738
573 741
574 744
575 747
576 751
577 754
578 757
579 760
580 764
581 767
582 770
583 773
584 777
585 780
586 783
587 786
588 790
589 793
590 796
591 799
592 593
592 799
593 594
594 595
595 596
596 597
597 598
598 599
599 600
600 601
601 602
602 603
603 604
604 605
605 606
606 607
607 608
608 609
609 610
610 611
611 612
612 613
613 614
614 615
615 616
616 617
617 618
618 619
619 620
620 621
621 622
622 623
623 624
624 625
625 626
626 627
627 628
628 629
629 630
630 631
631 632
632 633
633 634
634 635
635 636
636 637
637 638
638 639
639 640
640 641
641 642
642 643
643 644
644 645
645 646
646 647
647 648
648 649
649 650
650 651
651 652
652 653
653 654
654 655
655 656
656 657
657 658
658 659
659 660
660 661
661 662
662 663
663 664
664 665
665 666
666 667
667 668
668 669
669 670
670 671
671 672
672 673
673 674
674 675
675 676
676 677
677 678
678 679
679 680
680 681
681 682
682 683
683 684
684 685
685 686
686 687
687 688
688 689
689 690
690 691
691 692
692 693
693 694
694 695
695 696
696 697
697 698
698 699
699 700
700 701
701 702
702 703
703 704
704 705
705 706
706 707
707 708
708 709
709 710
710 711
711 712
712 713
713 714
714 715
715 716
716 717
717 718
718 719
719 720
720 721
721 722
722 723
723 724
724 725
725 726
726 727
727 728
728 729
729 730
730 731
731 732
732 733
733 734
734 735
735 736
736 737
737 738
738 739
739 740
740 741
741 742
742 743
743 744
744 745
745 746
746 747
747 748
748 749
749 750
750 751
751 752
752 753
753 754
754 755
755 756
756 757
757 758
758 759
759 760
760 761
761 762
762 763
763 764
764 765
765 766
766 767
767 768
768 769
769 770
770 771
771 772
772 773
773 774
774 775
775 776
776 777
777 778
778 779
779 780
780 781
781 782
782 783
783 784
784 785
785 786
786 787
787 788
788 789
789 790
790 791
791 792
792 793
793 794
794 795
795 796
796 797
797 798
798 799
