0 320
1 322
2 324
3 326
4 328
5 330
6 332
7 334
8 337
9 339
10 341
11 343
12 345
13 347
14 349
15 351
16 354
17 356
18 358
19 360
20 362
21 364
22 366
23 368
24 371
25 373
26 375
27 377
28 379
29 381
30 383
31 385
32 388
33 390
34 392
35 394
36 396
37 398
38 400
39 402
40 405
41 407
42 409
43 411
44 413
45 415
46 417
47 419
48 422
49 424
50 426
51 428
52 430
53 432
54 434
55 436
56 439
57 441
58 443
59 445
60 447
61 449
62 451
63 453
64 456
65 458
66 460
67 462
68 464
69 466
70 468
71 470
72 473
73 475
74 477
75 479
76 481
77 483
78 485
79 487
80 490
81 492
82 494
83 496
84 498
85 500
86 502
87 504
88 507
89 509
90 511
91 513
92 515
93 517
94 519
95 521
96 524
97 526
98 528
99 530
100 532
101 534
102 536
103 538
104 541
105 543
106 545
107 547
108 549
109 551
110 553
111 555
112 558
113 560
114 562
115 564
116 566
117 568
118 570
119 572
120 575
121 577
122 579
123 581
124 583
125 585
126 587
127 589
128 592
129 594
130 596
131 598
132 600
133 602
134 604
135 606
136 609
137 611
138 613
139 615
140 617
141 619
142 621
143 623
144 626
145 628
146 630
147 632
148 634
149 636
150 638
151 640
152 643
153 645
154 647
155 649
156 651
157 653
158 655
159 657
160 660
161 662
162 664
163 666
164 668
165 670
166 672
167 674
168 677
169 679
170 681
171 683
172 685
173 687
174 689
175 691
176 694
177 696
178 698
179 700
180 702
181 704
182 706
183 708
184 711
185 713
186 715
187 717
188 719
189 721
190 723
191 725
192 728
193 730
194 732
195 734
196 736
197 738
198 740
199 742
200 745
201 747
202 749
203 751
204 753
205 755
206 757
207 759
208 762
209 764
210 766
211 768
212 770
213 772
214 774
215 776
216 779
217 781
218 783
219 785
220 787
221 789
222 791
223 793
224 796
225 798
226 800
227 802
228 804
229 806
230 808
231 810
232 813
233 815
234 817
235 819
236 821
237 823
238 825
239 827
240 830
241 832
242 834
243 836
244 838
245 840
246 842
247 844
248 847
249 849
250 851
251 853
252 855
253 857
254 859
255 861
256 864
257 866
258 868
259 870
260 872
261 874
262 876
263 878
264 881
265 883
266 885
267 887
268 889
269 891
270 893
271 895
272 898
273 900
274 902
275 904
276 906
277 908
278 910
279 912
280 915
281 917
282 919
283 921
284 923
285 925
286 927
287 929
288 932
289 934
290 936
291 938
292 940
293 942
294 944
295 946
296 949
297 951
298 953
299 955
300 957
301 959
302 961
303 963
304 966
305 968
306 970
307 972
308 974
309 976
310 978
311 980
312 983
313 985
314 987
315 989
316 991
317 993
318 995
319 997
320 321
320 322
320 998
320 999
321 322
321 323
321 999
322 323
322 324
323 324
323 325
324 325
324 326
325 326
325 327
326 327
326 328
327 328
327 329
328 329
328 330
329 330
329 331
330 331
330 332
331 332
331 333
332 333
332 334
333 334
333 335
334 335
334 336
335 336
335 337
336 337
336 338
337 338
337 339
338 339
338 340
339 340
339 341
340 341
340 342
341 342
341 343
342 343
342 344
343 344
343 345
344 345
344 346
345 346
345 347
346 347
346 348
347 348
347 349
348 349
348 350
349 350
349 351
350 351
350 352
351 352
351 353
352 353
352 354
353 354
353 355
354 355
354 356
355 356
355 357
356 357
356 358
357 358
357 359
358 359
358 360
359 360
359 361
360 361
360 362
361 362
361 363
362 363
362 364
363 364
363 365
364 365
364 366
365 366
365 367
366 367
366 368
367 368
367 369
368 369
368 370
369 370
369 371
370 371
370 372
371 372
371 373
372 373
372 374
373 374
373 375
374 375
374 376
375 376
375 377
376 377
376 378
377 378
377 379
378 379
378 380
379 380
379 381
380 381
380 382
381 382
381 383
382 383
382 384
383 384
383 385
384 385
384 386
385 386
385 387
386 387
386 388
387 388
387 389
388 389
388 390
389 390
389 391
390 391
390 392
391 392
391 393
392 393
392 394
393 394
393 395
394 395
394 396
395 396
395 397
396 397
396 398
397 398
397 399
398 399
398 400
399 400
399 401
400 401
400 402
401 402
401 403
402 403
402 404
403 404
403 405
404 405
404 406
405 406
405 407
406 407
406 408
407 408
407 409
408 409
408 410
409 410
409 411
410 411
410 412
411 412
411 413
412 413
412 414
413 414
413 415
414 415
414 416
415 416
415 417
416 417
416 418
417 418
417 419
418 419
418 420
419 420
419 421
420 421
420 422
421 422
421 423
422 423
422 424
423 424
423 425
424 425
424 426
425 426
425 427
426 427
426 428
427 428
427 429
428 429
428 430
429 430
429 431
430 431
430 432
431 432
431 433
432 433
432 434
433 434
433 435
434 435
434 436
435 436
435 437
436 437
436 438
437 438
437 439
438 439
438 440
439 440
439 441
440 441
440 442
441 442
441 443
442 443
442 444
443 444
443 445
444 445
444 446
445 446
445 447
446 447
446 448
447 448
447 449
448 449
448 450
449 450
449 451
450 451
450 452
451 452
451 453
452 453
452 454
453 454
453 455
454 455
454 456
455 456
455 457
456 457
456 458
457 458
457 459
458 459
458 460
459 460
459 461
460 461
460 462
461 462
461 463
462 463
462 464
463 464
463 465
464 465
464 466
465 466
465 467
466 467
466 468
467 468
467 469
468 469
468 470
469 470
469 471
470 471
470 472
471 472
471 473
472 473
472 474
473 474
473 475
474 475
474 476
475 476
475 477
476 477
476 478
477 478
477 479
478 479
478 480
479 480
479 481
480 481
480 482
481 482
481 483
482 483
482 484
483 484
483 485
484 485
484 486
485 486
485 487
486 487
486 488
487 488
487 489
488 489
488 490
489 490
489 491
490 491
490 492
491 492
491 493
492 493
492 494
493 494
493 495
494 495
494 496
495 496
495 497
496 497
496 498
497 498
497 499
498 499
498 500
499 500
499 501
500 501
500 502
501 502
501 503
502 503
502 504
503 504
503 505
504 505
504 506
505 506
505 507
506 507
506 508
507 508
507 509
508 509
508 510
509 510
509 511
510 511
510 512
511 512
511 513
512 513
512 514
513 514
513 515
514 515
514 516
515 516
515 517
516 517
516 518
517 518
517 519
518 519
518 520
519 520
519 521
520 521
520 522
521 522
521 523
522 523
522 524
523 524
523 525
524 525
524 526
525 526
525 527
526 527
526 528
527 528
527 529
528 529
528 530
529 530
529 531
530 531
530 532
531 532
531 533
532 533
532 534
533 534
533 535
534 535
534 536
535 536
535 537
536 537
536 538
537 538
537 539
538 539
538 540
539 540
539 541
540 541
540 542
541 542
541 543
542 543
542 544
543 544
543 545
544 545
544 546
545 546
545 547
546 547
546 548
547 548
547 549
548 549
548 550
549 550
549 551
550 551
550 552
551 552
551 553
552 553
552 554
553 554
553 555
554 555
554 556
555 556
555 557
556 557
556 558
557 558
557 559
558 559
558 560
559 560
559 561
560 561
560 562
561 562
561 563
562 563
562 564
563 564
563 565
564 565
564 566
565 566
565 567
566 567
566 568
567 568
567 569
568 569
568 570
569 570
569 571
570 571
570 572
571 572
571 573
572 573
572 574
573 574
573 575
574 575
574 576
575 576
575 577
576 577
576 578
577 578
577 579
578 579
578 580
579 580
579 581
580 581
580 582
581 582
581 583
582 583
582 584
583 584
583 585
584 585
584 586
585 586
585 587
586 587
586 588
587 588
587 589
588 589
588 590
589 590
589 591
590 591
590 592
591 592
591 593
592 593
592 594
593 594
593 595
594 595
594 596
595 596
595 597
596 597
596 598
597 598
597 599
598 599
598 600
599 600
599 601
600 601
600 602
601 602
601 603
602 603
602 604
603 604
603 605
604 605
604 606
605 606
605 607
606 607
606 608
607 608
607 609
608 609
608 610
609 610
609 611
610 611
610 612
611 612
611 613
612 613
612 614
613 614
613 615
614 615
614 616
615 616
615 617
616 617
616 618
617 618
617 619
618 619
618 620
619 620
619 621
620 621
620 622
621 622
621 623
622 623
622 624
623 624
623 625
624 625
624 626
625 626
625 627
626 627
626 628
627 628
627 629
628 629
628 630
629 630
629 631
630 631
630 632
631 632
631 633
632 633
632 634
633 634
633 635
634 635
634 636
635 636
635 637
636 637
636 638
637 638
637 639
638 639
638 640
639 640
639 641
640 641
640 642
641 642
641 643
642 643
642 644
643 644
643 645
644 645
644 646
645 646
645 647
646 647
646 648
647 648
647 649
648 649
648 650
649 650
649 651
650 651
650 652
651 652
651 653
652 653
652 654
653 654
653 655
654 655
654 656
655 656
655 657
656 657
656 658
657 658
657 659
658 659
658 660
659 660
659 661
660 661
660 662
661 662
661 663
662 663
662 664
663 664
663 665
664 665
664 666
665 666
665 667
666 667
666 668
667 668
667 669
668 669
668 670
669 670
669 671
670 671
670 672
671 672
671 673
672 673
672 674
673 674
673 675
674 675
674 676
675 676
675 677
676 677
676 678
677 678
677 679
678 679
678 680
679 680
679 681
680 681
680 682
681 682
681 683
682 683
682 684
683 684
683 685
684 685
684 686
685 686
685 687
686 687
686 688
687 688
687 689
688 689
688 690
689 690
689 691
690 691
690 692
691 692
691 693
692 693
692 694
693 694
693 695
694 695
694 696
695 696
695 697
696 697
696 698
697 698
697 699
698 699
698 700
699 700
699 701
700 701
700 702
701 702
701 703
702 703
702 704
703 704
703 705
704 705
704 706
705 706
705 707
706 707
706 708
707 708
707 709
708 709
708 710
709 710
709 711
710 711
710 712
711 712
711 713
712 713
712 714
713 714
713 715
714 715
714 716
715 716
715 717
716 717
716 718
717 718
717 719
718 719
718 720
719 720
719 721
720 721
720 722
721 722
721 723
722 723
722 724
723 724
723 725
724 725
724 726
725 726
725 727
726 727
726 728
727 728
727 729
728 729
728 730
729 730
729 731
730 731
730 732
731 732
731 733
732 733
732 734
733 734
733 735
734 735
734 736
735 736
735 737
736 737
736 738
737 738
737 739
738 739
738 740
739 740
739 741
740 741
740 742
741 742
741 743
742 743
742 744
743 744
743 745
744 745
744 746
745 746
745 747
746 747
746 748
747 748
747 749
748 749
748 750
749 750
749 751
750 751
750 752
751 752
751 753
752 753
752 754
753 754
753 755
754 755
754 756
755 756
755 757
756 757
756 758
757 758
757 759
758 759
758 760
759 760
759 761
760 761
760 762
761 762
761 763
762 763
762 764
763 764
763 765
764 765
764 766
765 766
765 767
766 767
766 768
767 768
767 769
768 769
768 770
769 770
769 771
770 771
770 772
771 772
771 773
772 773
772 774
773 774
773 775
774 775
774 776
775 776
775 777
776 777
776 778
777 778
777 779
778 779
778 780
779 780
779 781
780 781
780 782
781 782
781 783
782 783
782 784
783 784
783 785
784 785
784 786
785 786
785 787
786 787
786 788
787 788
787 789
788 789
788 790
789 790
789 791
790 791
790 792
791 792
791 793
792 793
792 794
793 794
793 795
794 795
794 796
795 796
795 797
796 797
796 798
797 798
797 799
798 799
798 800
799 800
799 801
800 801
800 802
801 802
801 803
802 803
802 804
803 804
803 805
804 805
804 806
805 806
805 807
806 807
806 808
807 808
807 809
808 809
808 810
809 810
809 811
810 811
810 812
811 812
811 813
812 813
812 814
813 814
813 815
814 815
814 816
815 816
815 817
816 817
816 818
817 818
817 819
818 819
818 820
819 820
819 821
820 821
820 822
821 822
821 823
822 823
822 824
823 824
823 825
824 825
824 826
825 826
825 827
826 827
826 828
827 828
827 829
828 829
828 830
829 830
829 831
830 831
830 832
831 832
831 833
832 833
832 834
833 834
833 835
834 835
834 836
835 836
835 837
836 837
836 838
837 838
837 839
838 839
838 840
839 840
839 841
840 841
840 842
841 842
841 843
842 843
842 844
843 844
843 845
844 845
844 846
845 846
845 847
846 847
846 848
847 848
847 849
848 849
848 850
849 850
849 851
850 851
850 852
851 852
851 853
852 853
852 854
853 854
853 855
854 855
854 856
855 856
855 857
856 857
856 858
857 858
857 859
858 859
858 860
859 860
859 861
860 861
860 862
861 862
861 863
862 863
862 864
863 864
863 865
864 865
864 866
865 866
865 867
866 867
866 868
867 868
867 869
868 869
868 870
869 870
869 871
870 871
870 872
871 872
871 873
872 873
872 874
873 874
873 875
874 875
874 876
875 876
875 877
876 877
876 878
877 878
877 879
878 879
878 880
879 880
879 881
880 881
880 882
881 882
881 883
882 883
882 884
883 884
883 885
884 885
884 886
885 886
885 887
886 887
886 888
887 888
887 889
888 889
888 890
889 890
889 891
890 891
890 892
891 892
891 893
892 893
892 894
893 894
893 895
894 895
894 896
895 896
895 897
896 897
896 898
897 898
897 899
898 899
898 900
899 900
899 901
900 901
900 902
901 902
901 903
902 903
902 904
903 904
903 905
904 905
904 906
905 906
905 907
906 907
906 908
907 908
907 909
908 909
908 910
909 910
909 911
910 911
910 912
911 912
911 913
912 913
912 914
913 914
913 915
914 915
914 916
915 916
915 917
916 917
916 918
917 918
917 919
918 919
918 920
919 920
919 921
920 921
920 922
921 922
921 923
922 923
922 924
923 924
923 925
924 925
924 926
925 926
925 927
926 927
926 928
927 928
927 929
928 929
928 930
929 930
929 931
930 931
930 932
931 932
931 933
932 933
932 934
933 934
933 935
934 935
934 936
935 936
935 937
936 937
936 938
937 938
937 939
938 939
938 940
939 940
939 941
940 941
940 942
941 942
941 943
942 943
942 944
943 944
943 945
944 945
944 946
945 946
945 947
946 947
946 948
947 948
947 949
948 949
948 950
949 950
949 951
950 951
950 952
951 952
951 953
952 953
952 954
953 954
953 955
954 955
954 956
955 956
955 957
956 957
956 958
957 958
957 959
958 959
958 960
959 960
959 961
960 961
960 962
961 962
961 963
962 963
962 964
963 964
963 965
964 965
964 966
965 966
965 967
966 967
966 968
967 968
967 969
968 969
968 970
969 970
969 971
970 971
970 972
971 972
971 973
972 973
972 974
973 974
973 975
974 975
974 976
975 976
975 977
976 977
976 978
977 978
977 979
978 979
978 980
979 980
979 981
980 981
980 982
981 982
981 983
982 983
982 984
983 984
983 985
984 985
984 986
985 986
985 987
986 987
986 988
987 988
987 989
988 989
988 990
989 990
989 991
990 991
990 992
991 992
991 993
992 993
992 994
993 994
993 995
994 995
994 996
995 996
995 997
996 997
996 998
997 998
997 999
998 999
