0 40
1 41
2 43
3 44
4 46
5 47
6 49
7 50
8 52
9 53
10 55
11 56
12 58
13 59
14 61
15 62
16 64
17 65
18 67
19 68
20 70
21 71
22 73
23 74
24 76
25 77
26 79
27 80
28 82
29 83
30 85
31 86
32 88
33 89
34 91
35 92
36 94
37 95
38 97
39 98
40 41
40 42
40 98
40 99
41 42
41 43
41 99
42 43
42 44
43 44
43 45
44 45
45 46
45 47
46 47
46 48
47 48
47 49
48 49
48 50
49 50
49 51
50 51
50 52
51 52
51 53
52 53
52 54
53 54
53 55
54 55
54 56
55 56
55 57
56 57
56 58
57 58
57 59
58 59
58 60
59 60
59 61
60 61
60 62
61 62
61 63
62 63
62 64
63 64
63 65
64 65
64 66
65 66
65 67
66 67
66 68
67 68
67 69
68 69
68 70
69 70
69 71
70 71
70 72
71 72
71 73
72 73
72 74
73 74
73 75
74 75
74 76
75 76
75 77
76 77
76 78
77 78
77 79
78 79
78 80
79 80
79 81
80 81
80 82
81 82
81 83
82 83
82 84
83 84
83 85
84 85
84 86
85 86
85 87
86 87
86 88
87 88
87 89
88 89
88 90
89 90
89 91
90 91
90 92
91 92
91 93
92 93
92 94
93 94
93 95
94 95
94 96
95 96
95 97
96 97
96 98
97 98
97 99
98 99
