0 227
1 230
2 233
3 239
4 242
5 245
6 251
7 254
8 257
9 263
10 266
11 269
12 275
13 278
14 281
15 287
16 290
17 293
18 299
19 302
20 305
21 311
22 314
23 317
24 227
25 230
26 233
27 239
28 242
29 245
30 251
31 254
32 257
33 263
34 266
35 269
36 275
37 278
38 281
39 287
40 290
41 293
42 299
43 302
44 305
45 311
46 314
47 317
48 227
49 230
50 233
51 239
52 242
53 245
54 251
55 254
56 257
57 263
58 266
59 269
60 275
61 278
62 281
63 287
64 290
65 293
66 299
67 302
68 305
69 311
70 314
71 317
72 227
73 230
74 233
75 239
76 242
77 245
78 251
79 254
80 257
81 263
82 266
83 269
84 275
85 278
86 281
87 287
88 290
89 293
90 299
91 302
92 305
93 311
94 314
95 317
96 224
97 236
98 248
99 260
100 272
101 284
102 296
103 308
104 228
105 231
106 234
107 240
108 243
109 246
110 252
111 255
112 258
113 264
114 267
115 270
116 276
117 279
118 282
119 288
120 291
121 294
122 300
123 303
124 306
125 312
126 315
127 318
128 229
129 232
130 235
131 241
132 244
133 247
134 253
135 256
136 259
137 265
138 268
139 271
140 277
141 280
142 283
143 289
144 292
145 295
146 301
147 304
148 307
149 313
150 316
151 319
152 229
153 232
154 235
155 241
156 244
157 247
158 253
159 256
160 259
161 265
162 268
163 271
164 277
165 280
166 283
167 289
168 292
169 295
170 301
171 304
172 307
173 313
174 316
175 319
176 229
177 232
178 235
179 241
180 244
181 247
182 253
183 256
184 259
185 265
186 268
187 271
188 277
189 280
190 283
191 289
192 292
193 295
194 301
195 304
196 307
197 313
198 316
199 319
200 229
201 232
202 235
203 241
204 244
205 247
206 253
207 256
208 259
209 265
210 268
211 271
212 277
213 280
214 283
215 289
216 292
217 295
218 301
219 304
220 307
221 313
222 316
223 319
224 225
224 226
225 226
225 227
225 228
225 229
225 230
225 231
225 232
225 233
225 234
225 235
225 320
225 321
226 227
226 228
226 229
226 230
226 231
226 232
226 233
226 234
226 235
226 320
226 321
236 237
236 238
237 238
237 239
237 240
237 241
237 242
237 243
237 244
237 245
237 246
237 247
237 320
237 321
238 239
238 240
238 241
238 242
238 243
238 244
238 245
238 246
238 247
238 320
238 321
248 249
248 250
249 250
249 251
249 252
249 253
249 254
249 255
249 256
249 257
249 258
249 259
249 320
249 321
250 251
250 252
250 253
250 254
250 255
250 256
250 257
250 258
250 259
250 320
250 321
260 261
260 262
261 262
261 263
261 264
261 265
261 266
261 267
261 268
261 269
261 270
261 271
261 320
261 321
262 263
262 264
262 265
262 266
262 267
262 268
262 269
262 270
262 271
262 320
262 321
272 273
272 274
273 274
273 275
273 276
273 277
273 278
273 279
273 280
273 281
273 282
273 283
273 320
273 321
274 275
274 276
274 277
274 278
274 279
274 280
274 281
274 282
274 283
274 320
274 321
284 285
284 286
285 286
285 287
285 288
285 289
285 290
285 291
285 292
285 293
285 294
285 295
285 320
285 321
286 287
286 288
286 289
286 290
286 291
286 292
286 293
286 294
286 295
286 320
286 321
296 297
296 298
297 298
297 299
297 300
297 301
297 302
297 303
297 304
297 305
297 306
297 307
297 320
297 321
298 299
298 300
298 301
298 302
298 303
298 304
298 305
298 306
298 307
298 320
298 321
308 309
308 310
309 310
309 311
309 312
309 313
309 314
309 315
309 316
309 317
309 318
309 319
309 320
309 321
310 311
310 312
310 313
310 314
310 315
310 316
310 317
310 318
310 319
310 320
310 321
320 321
